250
10
2
0010000000
0010000101
1001000000
0000000101
1100000100
0000001000
0000000000
0000000010
0101000101
0000010100
1001000000
0010001000
0000001000
0000000000
0000000000
0000000000
0010000000
0010100000
0110001010
0000010000
1000001001
0100100000
0101000000
0000010100
0100010001
0000100110
0001100010
0010100001
1000010000
0000000000
0000011000
0010100010
0000100000
0000000000
0000000000
0000000000
1000101000
0000001000
0000000000
0001100001
0000000000
1011000001
1000000010
0000100001
0000001010
0000000001
1000000100
0000000000
1001000100
1000100100
0100000001
0000000010
0000000000
0110101000
0101001000
0010000100
0000100001
1000100001
0000000000
0101000000
1000010100
0010000000
0000001000
0000000000
1010010100
0010000011
0100000000
0100010000
0000000000
0000001000
0010000010
0011100000
0000000000
1101000100
0000010110
0000000010
0000000010
0010000000
0111000000
0110000000
0100000000
0000000100
0001101000
0000000000
0000000000
0000000000
0000000000
0001001000
0010101010
0000100100
0000000000
0000001000
1101000000
0000000000
0000000011
0010010000
0000100110
1000000000
0001000100
0000110001
0001000000
1000000101
1001000010
0000000000
0100000000
0101000101
0101010000
0000001100
0000000000
0010010000
0011010010
1001000000
0000110101
0000000000
0000000000
1000000101
0000000000
0000001000
0001001100
0000101010
0000000010
0001000001
0011001100
0010010000
1100000000
0000101000
0001000010
0010010001
0011000100
0000000101
0000001000
0111000001
0011000010
0010000100
0000000001
0010101001
0010000000
0000010000
0000000000
1000010001
0000000010
0000000010
0000001000
1001000010
0000001000
0000000000
0100100001
0001001001
0011100010
0000001000
0000000000
0110001100
1000000000
0101001000
0010100100
1001000010
1010011000
0100000010
0000101000
0000000000
0011010001
0010010000
0110011000
0001000101
1101001000
0001101000
0000001000
0011010000
0000101100
0000000101
0000000000
0011100000
0000000000
0000000000
0000000000
1000010011
1001011000
0000000001
0010100001
0000001000
1101000000
0000011000
0000000000
0000000000
0000000010
0011000010
0000001000
0000101001
1000011000
1000000000
1000000000
0000000000
0000000000
0010000110
0000010000
0100000000
0111000000
0000100101
0010000000
0100000000
0000100010
0000000000
0000000000
0100000100
0000000000
1000100000
0000000000
0010010000
0000010000
0100000111
0000000000
0100001100
0000001001
0000000001
0000100010
1000011000
0000000000
0010010011
0000100000
0001000000
0000000000
0000000000
1000010010
0000000000
0001010000
1000000001
0000000001
0000010000
0000000100
0000000100
0000000010
0000000000
0010000010
0010000001
0000011010
0000000000
0000001000
1000000000
0000001000
0000000000
1000000000
0001100100
0000000000
0010010010
1010010000
0000000010
0000000000
0000000000
0110000001
0000000000

