250
10
2
1000100001
0000101011
1111000000
0000010000
0000001000
0000000000
0000000101
0100010000
0000101000
0010010001
0000000000
0000000000
0000010110
0000000001
0100001101
0000000000
0010000100
0001011100
0100100000
0000000000
0101000000
1000100000
0111000100
0101100000
0000000000
0010000100
0000100000
0011001000
0100001000
0001000000
0000000000
1000010101
0100000000
1100100000
1010100000
0000000000
0000001110
0000000000
0100000000
1010100000
0000000000
0000010000
1001000100
0001001000
1000000000
0000000000
0110000001
1100000000
0100000000
0010000001
0000000000
0110000100
0000100000
0000000000
0001101000
0000000000
1000000010
0000000000
1000000011
0000101010
0000101001
0010000010
0001001000
1000100000
0101001001
0000000010
0000100000
0000001000
1000000100
0000001010
0001100110
0100000000
0000000100
0010001000
0000101000
1010100000
0001001000
0000000000
0000000000
0001100100
0010001000
1001101000
0000000000
0000000000
0000000000
1001000000
1000000100
0001100000
0010010000
1000100100
0000100000
0001100100
0001011001
0010000110
0000000010
0000000000
0000000000
0000000000
1000000000
0000000000
0000000000
0110100100
0000000000
0000010000
0000000000
1000001000
0000000000
0001001000
1000001000
0100000000
0110101000
1010110000
0101000000
0000000100
0000000011
0110000001
1100001000
1010001100
0000000000
0000000000
1010001010
0010101010
0100000000
0000000000
0000000000
0001100011
0001010110
1000101000
0000101100
0000001000
1010010010
0000000000
0000000101
0000000000
0010000111
0000000000
1000000001
0100000111
0100010000
0000010000
1100010000
0110110000
0000111010
1000000000
0000000000
1000000001
0001010100
0000000000
0001000101
0000000000
0001000000
0110000001
0010100011
0100001000
0000000000
0000010010
0000000000
1000000100
0000000101
0100000000
0001001000
0001100011
0000000000
1010010000
0001000110
0000001000
1100000010
0010000010
0000000000
0100000000
0001100001
1000001101
0100000000
0000010001
1100000000
0000100001
0000001000
1100000000
0000000110
1000000000
1000100100
0000000110
0000000000
0001101100
0100011000
0000000000
0000000000
0001000000
0000000011
1010001000
0001001010
0001000000
1010000000
0000000000
0000001110
0000100100
0100000000
0010100000
0010001000
0000000000
1001000100
0001000100
0000000001
0000000000
0001111000
0000001000
0000000010
0001010100
0010001000
0010000000
0000000100
1000000000
1000000001
0001010100
0000000001
0000101101
0000010000
0000000100
0100000100
0000100100
0000010001
0000001100
0000000000
0000100000
1000100000
0000000001
0000001001
0000000001
1011000100
0000000001
0000000000
0100110100
1000001000
0001001000
0100010100
0000000000
0011000000
1100001100
0000000010
0000001000
0010100000
1001000000
0000100000
0000011000
1000000000
0000001010
0001000000
0010010000
0000000000
0000000000

