250
10
2
0010010110
0000001000
0000000000
0100000001
0000001000
0000000000
0101000100
0000000000
0001000000
1000000000
0010000011
0000001010
0000010111
1000000001
0010110000
1000010101
0000010001
1010100000
0101000001
1001000000
0000010011
0000000010
0000000000
0001011100
0010010001
0100100000
0000000000
1000001100
0001000100
1010001000
0011000001
0000000000
0001101100
0000000000
1010000000
0000100100
1110000001
0101000000
0101000000
1000000000
1000010010
0100000000
0000000000
0000010000
0000000000
1100100100
1100000110
0001000100
0000100011
0000100010
1000000100
0000100000
0000001000
1000000001
0000010000
0010000011
0000000010
0010000010
0100001100
0000000000
0101000100
0001000000
0010000000
1100010010
0100001001
0001000110
0101000010
0011000000
0010001000
0000010010
0000010000
0000000000
0000110011
0110010100
0000000000
0000010011
0000000000
0000000000
0010000010
0000000000
0010010010
0011100000
0000110001
0100000000
1010000000
0001000000
0100011000
0100000000
1000100011
0010001011
0110100000
0000000101
0001000000
1101100000
0010011010
0100010100
0000010000
0000000000
0000010000
0010010110
0010000000
0010010011
0000010001
0000001000
1000000000
1000001000
0100000000
0100110001
0100100000
0110100000
0000000000
0000100110
0010000001
0000000000
1000001010
0000000000
0010010000
1000000100
1100000000
1001110000
0001010101
0010011001
1000110001
0000000000
0000001010
0011001010
0000010010
1000010000
0000000001
0100000000
0001111000
1000001001
0000000000
0000000010
0010001000
0001000010
1101000100
0100000101
1000001001
0010100000
1001000000
0001000000
0000000000
1000101000
0000000000
1001000000
1000101100
0100000000
1011000100
0000000000
0001011010
1000010010
0010100100
0000000000
0000101100
1000110100
0000000001
1000000000
0001000010
0000000000
0000100000
0000000010
0010100001
0100110000
0010000000
0000000010
0000000000
0000011000
0000000000
1000100000
0000000000
0001000111
0000000000
0010100100
0000010001
0000000001
0101000000
1000000001
1010000100
0000000000
0000111000
0000100001
1001000001
0000010000
0000000000
0000010001
0000010000
0110010000
0111100000
1000100001
0000000000
0110010000
0000010000
0010110000
0010000100
1010000000
0000000000
1100001000
0000000000
0001000110
0110000110
0000100101
0010000001
0001000110
0000011000
0001000000
0010100000
0011001100
0010000010
1000000000
0000000000
0100000000
0001000000
0000100011
0000001000
0000000000
1010001000
0100000101
0000001000
0000000000
1000000001
1000101001
1010100001
0000000000
1000101000
0000000100
0000000000
1001001001
0000000000
0010000110
1000000100
0010000101
0000000000
0100000000
0100000001
0000000000
0100000000
0000000000
1000001000
0101000000
1010100000
0000100000
0000000010
0000100010
0010000000
0001110000
0000000000
0000001010
1110000000
1000000000

