250
10
2
1100110000
0100001010
1101000000
0000000000
1000001000
0101010000
0000000000
1000001110
0100100010
0000000000
0001110000
0000000000
0101001000
0001010011
0000001100
1001000011
0010010101
0000100000
0010001010
0000001110
0000100001
0011001100
0000000000
1000001000
0000100000
0010000000
0000000000
0001010010
1001000001
0000000000
0000000100
0100000100
0000000000
1010011000
0000100100
1001000100
0010001001
0011100000
0000000000
1000000001
0000000000
0011100010
0000000000
0110001000
0010010110
1110000001
0100000000
0000001000
1000000001
0000000000
0000100000
1110000010
1001000000
0000000000
0000000000
0000011000
1000100100
0000000000
0001000000
1100000000
0001000000
0001100101
0010000011
0110100001
0000000000
0000000100
0000000000
1000000000
0000000010
0000110000
0100001000
0000010000
1010110000
0000010000
0000100000
1001100000
0010011000
1000001100
0100010001
1100000010
0001000010
0111000000
1000001100
0000110010
0011101000
0111010000
0001000000
0001100000
0000000000
1000000000
0000001110
0100110100
0000000001
0000100000
0010000010
0110110000
0011100100
0010101100
0100100001
0100000000
0000000000
1000000000
1001001010
0010001101
1001000010
1000010000
0000000000
0000000000
0000000000
1001100000
0000000100
1000001000
0100000000
0000001110
0000110110
0000000000
0000000010
0001000000
0010010000
1001000000
0101000000
0000000000
0110000000
0000000000
0000000011
0010100000
1001100010
1110000000
1000000101
1101000000
0010001000
0000000000
0000100001
0011100010
0000000000
0000000000
0111000100
1010000010
0000000000
0000100000
0010110010
0000000000
1000000000
0000001000
0100010000
1001001000
1000000000
0001100101
0000000000
0000001000
0100000000
0000000100
0000000010
0000100000
0001000110
1000100000
0000000000
0001000000
0000001110
0010000100
0101000001
0000000111
0000111100
1000001000
0100000000
0000000100
0000010001
1000000100
0100000110
0010001010
0001000000
0000000000
0000000000
0101001001
0000000000
0101100010
0000000000
0001001000
0000000000
1101010000
0010000000
1010000000
0000000000
0010000000
0000010000
0000001011
1010000000
0000110110
0000000000
0000000000
0000000000
0100001110
0000000000
1100010000
0111000010
1000010100
1000000000
0000100010
0100100100
1001010010
0000000000
0000001000
1000001010
0110000010
0000000000
1000000001
1001100100
1000100100
0010001000
0000000000
0000000000
0000000010
0000001000
0000000000
1100000101
0101100001
0000000001
0001010100
0100010000
1000000000
0000100010
0001001000
0000000000
0000001100
1001000001
0010001100
0010000011
0000010100
0000001101
0000010000
0000000000
0000100001
1010010100
0011001010
1010100010
0000000000
0110000000
0010000000
0000001010
0001100100
0010010000
0000000000
0000000000
0011000101
0000001000
0000000100
0000100010
0001001010
0000001000
0000000000

