250
10
2
0100100100
0000000000
0001000000
0000001000
0000000010
0000000000
0001001000
0000000000
1001000000
0000000000
1000000100
0000011000
0000000000
1000000001
1000101000
0000000000
0000010010
0000011000
0000101000
0011011000
1000100110
0000000000
0000000000
0010000101
0101010001
0010000100
0000000000
0000000000
0001001100
0000000000
0000011000
0000000000
0010000000
1010000000
0001000010
0000000100
0000100101
1000000000
0000000000
1011100000
0000000000
0010000100
0000001001
0001010100
0100001011
0010000100
0011001010
0000000000
0100010000
1101100000
1000000010
0000000000
1000010000
0001000100
0000011000
1001010000
0000100000
1010000110
0010000100
0001100100
0000100001
0000000010
0000000000
0000000101
0000000000
0000000000
0000000000
1000010001
0100100000
0010000000
0010010100
0010000000
0100000001
0000000000
0000001000
0000000001
0001100011
0000001001
0000000000
0010000000
0000010000
1000100000
0110100001
0000000000
1110000000
0010001000
0010000010
0000001000
0100101001
0110000110
0010100000
1100000000
0000100000
0000101100
0000100000
0000000000
0011001000
0011010010
1000000000
0000000000
0010000000
0001001000
0100000000
0101110000
0010100001
0101001000
0000000000
0000000000
1000000000
0010101001
1001000000
0101000000
0011100000
0000010100
0100001100
1101000000
0000001000
0000000010
0000110000
0000010001
0110101000
0000000100
0000010010
0001000000
0100000001
0000000000
0000000100
0100000000
0000000000
0000001000
1000000001
0000000000
0000110000
1000100000
0000100110
0000000000
0000111000
0010000010
0100000001
0000000101
0000000101
0000000000
1001011000
0000001010
0101001000
0000110010
0011001100
0000000000
0001010100
1000000000
0010101000
0110000000
0000000100
0000000000
0100100001
0011010100
1000000101
1110000000
0000000000
0000000000
0000000000
0001000000
0000000000
0000010000
0000000100
0000110000
0010000000
1000011001
0011001100
1000000100
0000000000
0100001000
0000001001
0000100110
0100010001
1100000010
0000001000
0100000000
0000000000
0000000001
0000000011
0010011000
0000000000
0000100000
0001000000
0010000010
0000000000
0000000000
0000110100
0000010011
1000110000
0110000000
0010000000
1100100000
0000001100
0000000100
0100000000
0000001100
0000011001
0100000101
1000001010
0000000000
0000100000
1000000100
0100000000
0100000001
0000100001
1000000010
0010011000
0011000000
1100000001
1000000000
0001100000
0001100100
0101000100
0010010010
0001000000
0000000000
0100101000
0010000000
0100100110
0000000010
0001000011
0001001000
0001001010
0011010000
0010000100
0000100010
0010000001
1000100000
0000000100
0000000000
0010000010
1000100000
0000110000
1000000110
0001100000
1110100000
0000000000
0000000001
0011001010
0001000101
0011010010
0110000001
0000000000
1000110100
0001010000
0000000000
0001010000
0000000001

