250
10
2
0100000000
0000000000
0000100010
1010000100
1000000100
0000000000
0000001010
0000000000
0000000000
0001000000
0000010101
0000000101
0000000000
0101000100
1000110001
0000000000
0010010010
1010100000
0000000011
0000000000
0000001101
0000010000
1001000000
0000000001
0110010000
0000000000
1100001001
1010000000
0000000000
1000001001
0000011000
0100000000
0000100111
0001001001
0000000000
1000001000
0000000000
0000010000
0000000000
0010001000
0000101000
0100000001
0000000010
0100000010
0010000001
1100000100
1100000001
0001000000
0010110000
1000000000
0000000000
1001101000
0001010000
0001010100
0000010000
0010001010
0000000000
0000000000
0000010010
0001100001
0000000000
0010101000
0100000000
0010101010
0000000000
0100110001
0000010000
0100010000
0000100100
0000110000
0000100000
0000000000
0011010001
0010000010
0101000010
0100001000
1001000101
1110010000
0000000000
0000001000
1010010001
0100000000
0000000000
0010100001
0000000000
0011010010
0000000100
0000000000
0000001000
0010000000
0000000000
0100000011
0000000000
0101000001
0001010010
0000011000
0000000000
0100000100
0000100000
0000110110
0000010100
0000000000
0000000010
0000100010
0000000000
0000001100
0000111000
0000100000
0001011000
0000010111
0110000000
1100000101
0000000000
0100101001
0000000001
0010010110
0010001000
0000010011
0000000000
0000000000
1100010000
0000000000
0100000100
0111000000
0000000000
1000000000
0000100100
0000100000
0000000000
0111000000
1010000000
0101000000
0101000100
0010000000
0100000000
1010001000
0000110010
0000000000
0000000000
1000000000
1000101100
0001111000
0101000000
1000000100
0000000000
0010000001
0000000000
0000011000
0000011000
0010010010
0000000000
0010010011
0000000000
0000000000
0000000000
0010100000
0001100000
0000000000
0000000000
0100100000
0000000010
1000000000
0000000000
1100101000
0000001001
0011000100
0010010000
0000000000
0000000000
0000001101
0100000001
0101000001
0000000000
1101010000
0000010000
1010000000
0100010100
0001010001
0000000001
0000000000
0101000010
0101000010
0100110100
0000000010
0000000000
0000000000
0000000000
0000000000
0000010001
0100001010
0011000010
0010000000
0000000000
0100000001
1000000000
0100001001
0000010000
0101011000
0000010001
0100000000
0000000000
1000001000
1001000000
0000010100
0000000000
1000000010
0000001101
0001000000
0000000010
0010000001
0010100000
0000000000
0001000001
1000000001
1100000001
0011100000
0000000000
0000000100
0000010100
0000010110
0000000000
0010000000
0100010010
1010001001
0000001000
0011010000
0001011000
0000000000
1100000010
1000100000
0001011000
0100100001
0100000000
1000000000
0001110001
0010000010
1010001000
0010010110
0000101010
0000000100
1001100100
0100010000
0011010010
0100100000
1000001100
0000100100
0110011000
0000000100
0000001000
0000001000

