250
10
2
0010000000
0010000001
1010100001
0010000100
0001010010
1000101000
0000001001
0000000000
0100010010
0000100100
0000000100
1000010100
0101010001
0000000001
0000010000
1010010100
0000000000
1000000000
0000000000
0010000000
0100000010
0000000010
0110000000
0010000010
0000000100
0000010000
0000110101
0101110000
1001000100
0100000100
1000110000
0010001100
0001101000
0000000000
0000000000
1000000101
0000000000
0100100010
0001000000
0001001000
0000010000
1000000001
0000000000
1010000100
0100000100
0001000000
1000000001
0000101100
0000010000
0101000010
0001010100
0100010010
0011100001
0001101010
0001000010
0110100000
0100001011
0000000000
0010100001
0000000000
0000000000
0000000000
0100100000
0000001000
1000000000
1110010000
0011000000
0001000100
0011000001
0010010010
0001000000
0000010000
0010101000
1000000100
1001000100
0000000001
0000011001
0000000000
1100000001
0001100000
1001000101
0001000000
1101000000
0100000000
0100110001
0000011000
0111000000
0011100100
0000111000
0000101000
0000000101
0000000000
0000000000
0000000000
0001010010
0000100000
0000000000
0000010000
0000001000
0011000001
0000000000
1100001100
0000110000
0000000000
1010000101
0000000000
0001000000
1000001000
0110000001
1010000000
0010101000
1010011000
0010000010
1000110000
0000010000
0000000000
0010010010
0000000000
0000000000
0000000000
0100000011
0000001000
1100010010
1000000000
0000000011
0001010010
0010000000
0000000000
0100001000
0010001000
1000000000
0000011100
0000000000
0101000000
1000010000
0101110000
0000010000
0110010100
0000000100
0001000000
0000000000
0010001000
0010000100
0010010001
0011001100
0000110000
1110010000
0100100110
0000000000
0000000000
0011000000
0000000000
0001010000
1000000000
0101000000
0000000000
0100011100
1100000011
0100000000
0001000000
1000000000
0000010011
0000010000
0000000100
0100110000
0010100100
0011100000
0000000001
1000000100
0100000000
0001000001
0100100000
0000001000
0000000000
0000000001
0000000000
0001000011
0000000000
1100001000
0000000000
0000000000
0110000010
0000001100
0000000000
0000000000
0010010001
0001100001
0011000100
1011000010
0001010101
0001000001
0000000000
0000001000
0000000001
0001000000
1000011100
0000000000
0111000000
0000000000
0000000000
0011010100
1000000100
0000001000
0000000000
1010100000
0010000101
0000000000
0000100000
0010000000
0000000000
0000000000
0010000100
0000000000
0101001001
0001111000
0010000100
0000001000
0001000010
0010000010
1100100010
0010000101
0011100100
0100010000
0100001001
0000000000
1010000100
0000001100
0001000001
1101000000
0000000010
0100001000
0000000011
0100000001
0000010000
0000000101
1000001100
0000000000
0010000000
1001011000
0010000110
0001001000
0011000100
1010100000
0000011100
0000000000
0000000000
0000000000
0000000000
0000000110
0000010010

