250
10
2
0001100000
0100000001
0110000001
0100000111
0000110000
0000000000
0000000000
0010001010
1110000000
0001001110
0000010000
0100000100
0010101100
0000000011
1000010101
0011010000
0001110100
0000000000
0010010000
0000000110
0011000100
0000100010
0001000010
0001000001
1000101010
0000001001
0000010110
0010001000
0100000001
0100000011
0000000000
0101000000
1100110000
0000000000
0001100000
0000100010
0001101000
1010000000
0110000011
0110011000
1010100000
0000000001
0100100110
1010000001
0000100001
0011000100
0010100000
0000010100
0010010000
1001010000
1000000000
0001000011
0000000000
0000000000
0001011010
0101000000
0010000000
0000000000
0000100011
0000010000
0000000001
0000000000
1001000000
0010101000
0001100000
0001000100
0000000001
1000010011
0101011000
0000000000
0000000000
0011010000
0000101010
0000000000
0000000001
0000000000
0000010001
0001000000
1000010000
0000000000
0000111000
0010000000
0101000000
0001000100
0000000000
0000000000
0000000000
0000000000
0110000100
0011000010
0000000000
1110000001
0000000000
1000010010
0001000010
0010100001
0010010010
0000000000
0001000000
0001001001
0000000000
0001100000
0000000001
0010010000
0000000000
0000110010
1000000100
0000000000
0101000100
0101011000
0000101000
0000000001
0001000001
0000001100
0000001000
0000010101
0000110010
0011000000
0000010010
0000000000
0110000000
0000000000
0101100000
0000001000
0100000010
0000101100
1000000000
1000000001
0001001100
0100010000
0001000000
0001001001
0100010000
0000000101
0001001000
0001001100
0000000100
1000100000
1010000100
0000001000
0000000000
0000000010
0100000000
1100010000
0100000000
1000000110
0000110010
0101100000
0001001010
0011010001
0000000100
1000001001
0000000010
0100100011
0100000000
1010000000
0000101100
0010000000
0001010100
0000000000
0000000000
1110000010
0000100000
0000010000
1010000000
0001000100
0001000000
1010110000
0101000001
1000010001
0000000100
0101010100
0000000000
0000000000
0100100000
0000000001
0000000001
0000010110
0100000000
0000100000
0010110001
0010010000
1100001000
0101000000
0100010100
0001010000
0101000010
0101000010
1000100000
0000000000
0000011010
1000100000
0000000011
0000000100
0000000000
0000000000
0000011101
0111001000
0011000000
1010000000
0100000000
0000011000
1000110001
0000010000
0000100000
1001010010
0000000000
0000000000
0000001000
0000000000
0000000101
0010000000
0000000000
0101001000
0000000001
0001100000
0000010001
1000010000
1000001010
1100100000
0011001100
0010000000
1001110000
0000000101
1010001000
0000000000
0000000010
1010000000
0000000000
0110001000
0100010001
0000010000
0000010000
0000100001
0000000100
0011001000
0001100100
1110001000
0011000000
0000000000
1000100011
0100000001
0001010001
0000000000
0001010001
0010000000
1000010011
1000000001
0000101010
0001001001

