250
10
2
0000010011
0001000000
0000000000
0100000000
0000001100
1000001101
0000000110
0010000100
1000010101
0000000000
0011000010
0100000001
0010001010
0000000000
0001000000
1100011000
0110100100
1110000000
0101010001
0000000000
0100010100
0100000011
0101010000
0110010010
0000110000
0000000000
0000001000
0100001100
0001001101
0000000010
0000000010
0000100000
0111000001
0000001000
1000000000
0001110000
0000000000
1000010110
0000001010
0100000010
0000000000
1000101000
0000000000
0100000000
0011001000
1000110001
0000010000
0000001011
0000001100
0000000000
0100100000
0000101001
0000110001
0100011100
0000000000
1100000010
0001001001
1000001100
0001001100
0000000000
0000000101
0000000000
0100010000
1000100110
0000000010
0100000000
0000000000
0000000101
0000000100
1000000000
0000110001
0000000000
0000101011
1100000000
1010000110
0100010000
1010000000
0100000101
0000001000
0001010100
0000000000
0001000000
1000011010
0000001000
0101000010
0000000000
1000101010
0001000000
0111010000
0001010011
0001000010
0010100011
0000000000
0000000000
0001110000
0010100000
0000000000
0100010101
0000000100
1010001100
0000010001
0000000000
0000000000
0000000001
0000000001
0000000100
0000000000
0001010100
0100100000
0000000000
1000101000
0000000001
1001000001
0010010110
0100010010
0000000000
0010000000
0000000000
0010000000
0000000010
0001000010
0000010000
0000001100
0000000000
0001000000
0000000000
0000000001
0000000000
0000101000
0000100101
0001000001
1000100100
1000010001
0000000000
0000000000
0100010001
0001001010
0011001100
0000000000
0001101100
0011000000
0000000000
0000000000
0001011000
1000010000
1000010000
0000101010
0011000100
1000011000
0000000000
0010000000
0000000000
1000010011
0010010110
0000000101
0000000000
1100011000
1001010100
0000010101
1110100000
0001100000
1001100100
0011000000
0011000000
0000000000
0000000000
0001001100
1000000001
0000000000
0011101000
0000000000
0000000000
0000000000
0000000000
1001010010
1000101000
0000110000
0100000000
1000110100
0000001000
0000000000
0100000000
0100110000
1100000010
0000000010
0000000000
0000000000
0000000000
0100001101
0010000011
0000000100
0000001110
0000000100
0000000000
0001101000
0000001000
0110000000
0100000010
0001010001
0000100001
0000000000
0000000000
0101000000
1000010000
0100001000
0110000001
0000000000
0001001100
1000000000
0000000010
1000010000
1100001000
0000000001
0001110000
0100010110
0000010010
0010001101
1100000100
1100001000
1000010001
0000000000
0010110000
1000000101
0000100000
0000000000
1001010010
1101000000
0010000010
0001011001
0000000000
0010000000
0000101000
0001010101
0010110000
0000010000
0100110100
0000000000
1100000100
0000000000
0100100010
0000000100
0111000100
0000000000
0010000010
0100010010
0000110001
0000011000
0000000010
0100001000
0100010000

