250
10
2
0011110000
0100000100
0100000000
0000000000
1100000010
0000000000
1000000000
0000000000
0100010000
1000001010
0000101000
0000000000
1000000001
0010010000
0000001000
0100000010
0000110010
0000001000
1101000100
0000010111
1010000000
0001001010
0000000001
0000000100
0000010000
0000110100
0100100010
0001011000
0000000000
1000000100
0110000100
0000000000
0000000010
1100000010
0000000000
0000010000
0000000000
0100101000
0100000000
0000100100
0000000011
0001001010
0000010010
1000000000
0101010001
1000000100
0000000010
0000000000
0001000101
0010100000
0011000000
1001001000
0001010000
0011100000
0000000000
0000000000
1000010000
0001000000
0000000000
1000100010
0000000100
1010001001
0000000000
1010001001
1000000000
0000000000
0000001011
1010000000
1000000000
0000000000
0000010000
0100000100
0110001000
0100010001
0000010000
0000000011
1010000000
0011000011
0000000000
0000000000
0101001000
0010100000
1000000110
0000000000
0010110000
0000000000
0011000000
0010011010
0010001100
0000000000
0000011011
0000000000
1110001000
1000001100
0001100011
0000000010
1000100101
1000100001
0000000000
0001000000
0000000000
0000000001
0010011000
0000000000
1000000000
1000100010
0010101100
0000011010
0000010100
0100101000
0100000000
0000000000
0000000000
0000101010
0000010011
0000000000
1100000010
1000100101
1000000000
0010000000
0001100001
0000000011
0011000011
0000000000
0010001001
0000000001
0000001000
0100100000
0000000000
0110000001
0000000000
0011000011
0100010010
0010000001
1010001000
1100000010
0000000000
1001000010
0001001001
0101001000
0000000001
0010000110
0000000101
1000000101
0001000010
0100001000
0100011000
1100010000
0000000000
1000000110
0000000000
0000001000
0000010010
1000100100
1000011100
0100001000
0001000000
0010010100
0000110000
1000000100
0000101000
1010001001
0000000000
0000100000
1000000000
0000100001
0100010010
0000000000
0000001000
0100100000
0000000010
0100000001
0000000000
1100100100
0100000000
0000100101
0000010110
0000000000
1100000010
1100000001
0000000000
0000000000
0001110001
0011010010
0000001000
1010000001
0100010010
0100000000
1100000010
0010000000
1011100000
0001001110
0000000000
0100100001
0000010000
0000001100
0100110000
0100010000
0000000000
0110000100
0000000000
0000001011
0010100000
0011000000
0000000000
1000000000
0010001000
0000000101
0000000001
0010000000
0000000000
1000100011
1110000010
0000000000
0000000011
0000110000
0000000000
0010000100
0110000000
0000000000
1100000010
0000000000
0000010000
0001101010
1000011001
0000000000
0000000100
1000100010
0100000000
0100000001
1000010101
0000100100
0000000000
0100000000
0000010000
0000000001
0100001001
0000100001
0010100000
0001101001
0010000001
0001000101
0110010000
0000100000
0110010000
0100000000
0000000101
1001000000
0000000000
0100000000

