300
10
2
0000000000
0000100001
0000000000
0100000000
1001000110
1000011010
0000100000
1000000000
1000100000
1000010010
0000000000
0100000011
0100001000
0010100100
0000000000
0000000000
0000000010
0000000000
0100000001
0000000010
0000001000
0000000000
0000000000
0010001010
0010000000
0010001010
0000110010
0110000010
0010000111
0000000000
0000000000
0000000000
0001000011
0000001001
0010001010
0101000000
0010001110
0000100000
0011010001
0001001100
0000010000
0000000000
1100100000
1000001100
0000000000
0000000000
0110000100
1000000000
1010100000
0000001100
0000000000
0001000100
0001100001
0000000000
0000000010
0100100000
0000000011
0000000000
1100010000
0010000101
0000110010
0011000000
0010001100
0010000000
0000000000
0000001000
1000001010
0100000000
0001101000
1000001000
0001000000
0000000000
1111000000
1000000000
0011100000
0000000101
1010000100
0000000000
1010000001
0100000110
0000000000
0000100000
0010000000
0010001001
0000000100
0101100010
0001000010
0100000000
0100100100
0001000010
1000000000
0010100000
0011000000
1000100001
0001000000
1000100010
0100000010
0001000000
0000010100
0001100000
1000000000
0010010101
0001100001
0000010000
0000000110
0000000001
0100110010
0100000101
0010000010
0000000000
0000000000
0000000000
0000000000
0100000000
0000000000
0000001000
0001000100
0100001001
0010001110
1011000001
0011000000
0000000000
1000000000
1101100000
1001001000
1000010000
0000000111
0000100000
0000000000
0000000010
0010001000
0101000110
0001000000
0000100001
0010111000
0000000010
0100001000
0110000000
0000000000
0010001000
0010010100
0000100000
0000000000
0000011001
0100000001
0100000100
0000000100
1000000010
0000001000
0000000000
0000000000
0000000010
0000100001
0110010001
0100000000
0000010000
0100000001
0000001110
0000101011
1000011000
1010110000
0000000010
0011010000
1000110000
1010000100
1000010000
1010001000
0101110000
0100000000
0000000100
1100010000
0000000000
1000011000
0000100000
0000000000
0001000100
0010000000
0001010010
0001100010
0101010100
0000000101
0000010010
0000000001
0000101100
0000000010
0000001000
0000100100
0000000000
0001000000
0000000000
0001100000
0000011100
0000010000
0101100100
0100110001
0101000000
0000000000
0011101000
0000000001
0000000000
1010010100
0000000000
0000000100
0000100000
0000000000
1000000100
0000011001
1001011000
0000000001
1000010000
1010000011
1001100000
0010000100
0000000000
0000101100
0000000000
0011100000
0000101000
0010000000
0000000010
0010010000
0101100000
0100000100
0000000000
0000101001
0110100001
1000101001
0000000000
0000000000
0000001000
1000000010
1110000000
0000000000
1001100001
0000000100
1001000000
0001010001
0000001010
1000000001
1010001000
0000000000
1000011100
0110000100
0000110101
0000000000
0010000000
0010110000
1000000000
0000001100
0000000000
0000000000
0010000011
1000001100
0101000010
1000000010
0110000000
0000000000
0000000000
0000001001
0000000000
0000000000
0010000100
0100000101
0000000100
0000100000
0001001010
0100010001
0100000000
0100100001
0000011000
0000000000
0000000010
0011000001
0010010000
1000100101
0000000001
0000000000
0000001100
0000000000
0011000000
0100110001
0001000000
0000000000
0001000000
0001100001
0000000000
0000000000
0001000001
0010101000
0001000000
0011100000
0000000000
0000100010
0001010000
0000000100
0000100000
1000100000
1000100001
1001001000
0001010000

