300
10
2
1000001010
0000001010
0000000000
0010000010
0000000000
1101000100
1000000010
1101001000
1000000000
0000010000
0010000100
0010101010
0000000000
0001000010
0001011001
0000000000
0000010010
1000001100
0010101000
0000100000
0001001000
0000000000
0000101000
0010000000
0000000000
0010000110
1100000001
0010000000
0000010000
0000010100
0100000100
0000000000
0010110001
0010010010
0000000000
0000000000
0000000100
0000000000
0000100000
0010000000
0110110000
0011000000
0000000000
0000000000
0100000000
0000001011
1000000000
1000100000
0010010010
0000100000
1000110001
0010100000
1000000000
1101000000
0000000001
1011010000
1000000100
0000001000
0000000000
0100001010
0000000000
0000000000
0000000000
0101010000
0000010000
0010011001
0000000000
1000000011
0010000011
0100000000
0000100100
0000000000
0000000010
0010010000
0101000011
0010000000
0000000010
0000100000
0000000000
0000000000
0000001000
0100100000
0000000000
0000001001
0000010010
0000000010
0000000000
0000010000
1000100100
0000000000
0010010000
1000100010
0001011010
0000000000
0100110000
0011000100
0000000000
0000000010
1101000010
0000000000
1100010000
0100000100
1000000110
1000000011
0000100000
0000000010
0000000000
0000000000
0000010000
0000010000
0010000010
0000010000
0100101010
0000100000
0000000000
0000000000
0000101101
0101000000
0010001001
1001001100
0000010000
0100000000
0000000001
0000000000
0000000000
0010110001
0100010000
0001011010
0000001101
0000000000
0000000100
0000000100
1001100000
0000000000
1001000001
0000000000
0010000000
0000000001
0000000001
0000000000
1001000000
0101000000
0000000000
0010000001
0101001001
0010000100
0001010010
0000000000
0000000100
0100111000
0000000000
0001010100
1100010000
0000100010
0000000000
0100000000
0110001001
0100100010
0000000000
0000000000
0110110000
0011000101
0010010001
1010010100
0000100000
1000001000
0000010000
0000000010
0000100000
0000101000
0001100001
1000010001
0100000110
0000000000
0001110000
0000000000
0000000000
0100001000
0010000100
1000000011
0000000010
0100000001
0000010000
0000110100
0000000000
1001000110
0010011100
0000000000
0000000000
1000000100
0000001000
0001000000
0000000000
0010000000
0000010000
0000000001
0100000000
0000000100
0000100010
0001010000
0110110000
1000101000
0001000000
0000000010
1000100010
0000000000
0000000000
1000000010
0000000001
0010000000
0110100000
0000011000
0000100000
0000001000
0000000000
0000001001
0000000100
0000001000
0000110000
0000000010
0000101000
1010000100
0100000000
0000100011
0100001001
0000000000
0000001000
0100000000
0000000100
0100000001
1000000000
0000000010
0000000100
1000000011
0000000100
1000100000
0000000000
0000100000
0000000000
0001111000
0000000001
0000011000
0011000110
0001000000
0000001010
1100000000
0001100101
0000000000
0011001001
0100101100
0000110101
1010000000
0000010000
0000100000
0000000000
0010000010
0000001100
0011000000
0001000001
0010000010
0000010100
0000000001
0000101000
0101000000
0100010101
0000110010
1000000000
1001000011
0010110100
0000010000
0000000011
0000000000
0000000000
1001001010
1101010000
0000010000
0001000100
0000001000
0000000000
0000000000
1100101000
1100000010
1010000001
0011100100
0001001000
0000101010
1011000000
1100100100
0000000010
0000000000
0000000000
0000001001
1000101000
0000000010
0000000000
0000001000
0101000000
0000000100
0000000000
1000000000

