300
10
2
1000000000
1010001000
0000000000
1000000000
0100000000
0000000000
1100000011
0000000111
1000000010
0000000000
0000000000
1010010000
0000010110
0000000001
0000000000
0000000000
1000000000
1000010001
0010100010
0000000000
0000000000
0100010000
0001000000
0000000000
0000000000
0100000000
0000000000
0101000000
0111000010
0000001000
0111001000
0110000101
0000110000
0000001101
0000000000
0000000000
0100000000
0000000000
0100010001
0100000011
0000000000
0010010001
0000000001
0010010010
0001000010
1000100010
0010000010
0000000000
0000000101
1100010000
0000001000
0010010000
0010000001
0000100000
0000010000
0100000000
0000111010
0100000000
1000000000
0000000110
0000000000
0001000001
0000000000
0000000000
1010010000
0000000000
0000010001
0010010000
1000100100
0010110001
0111100000
0000000100
0011001010
0010000000
0101000010
1000000101
1001000100
0000010010
1000001001
0010001000
0011000000
1000100000
0010000000
0001000100
0000000000
0000100011
0101000110
0000000000
1110010000
0000000000
0110010100
0001010011
0000000000
0100000000
0000000000
1000100000
0000000100
1100100010
0000000000
0001000000
0000000000
0000000000
0001000111
0100000000
0100110000
0100000000
0010011001
0001001100
1100011000
0100110000
0000000000
0101000011
0000010000
0100001000
1000010000
0000000001
0110000011
0000100001
0000000001
0001100001
1001000001
0000011000
1000110000
0000000000
0000001000
0010010011
0001010110
1000001000
0010000010
0000000000
0001000001
0100000000
0001100001
1000011010
0000010000
1100100001
1000001010
1000100000
0000001000
0000010100
1001000100
1001000101
0010000000
0010000010
1100000000
1111000000
0000010000
0011000000
0000001100
0011001001
0001000000
0001100000
0011000010
1101010000
1010100000
0000000000
0000000000
0000000001
0000000000
0000000000
0000100011
0000000000
0000000000
0000000000
0000110000
0000000000
0000000000
0100010101
0000000000
0100000000
0010000110
0000000000
0000000000
0000111000
0000010000
0000010000
0000010010
0101000010
0000000000
0000000000
0000000010
0000000000
0000110101
0000000000
0100000001
0100100100
1000010100
0000000000
0001000010
0000000001
0000000000
0100000001
0000000000
0101000001
0010000101
0001001100
0000010000
0000000000
0000110010
0000000000
0101000010
1000100001
0011101000
0100111000
1011001000
1010001010
0000000000
1101000001
0010000110
0000010000
0000101101
0000000000
0010110000
0000011101
1000000001
0000100000
1010010000
0000100010
1000000000
0010010000
0000000000
0000000001
1101010000
0100001001
1100000100
0000100010
0000000001
0000100101
1000000110
0100010001
1000000001
0101100100
0101000001
0000000000
0001101000
0000100100
0000001100
0010001000
1001100100
0001101100
0101010010
1000100100
1000101100
0100010000
0000000010
0000010000
0101100010
0100001001
0000000000
0000000000
0001000000
0111000010
0000100100
0010010000
0000011100
0000000000
1000000000
0000000000
0000000010
0000111000
1010010001
1000011000
0010001000
0000000000
1000100011
0000100000
0000101100
0010001001
0010111000
0001100000
0000001100
0000000000
0000000000
1010000101
0101000100
0000010010
0000100000
0011100010
1000000000
0011000000
0000000001
0010010101
1010000110
0000000000
0100000001
0000000000
0000000011
0000000000
0000000101
0100000000
0100001000
0000011101
0010000011
1110000010
0110000001
0000000101
0000011001
1001011000
1001100000
1000000000

