300
10
2
0000000000
0001100100
0010110000
0000010100
1000110000
0000100000
1100001000
1010100000
0000000000
0000000000
0000010110
0011000101
0000000000
0010000000
0000000010
0000000010
0000001101
0010100000
0001000010
0101000000
0000010011
0000000100
0000100000
1110000000
0110001001
0100100011
1100100000
0000000100
0110000000
1000000000
0100110000
0000110010
0000010110
0000001001
1001000010
0100010000
0000111000
0000010000
0000000000
0000000001
0000000000
0000001000
0000010110
1100000000
1010000010
0000101110
1001010100
0100000000
0000000000
0000000000
0000000000
0010000000
0000001000
0100000000
0100101000
0010000000
0000000000
0000000000
0010010110
0000000010
0000010010
1000000000
0001000011
0110010100
0000000000
0001100101
0001000000
0000000000
1000011000
0000010100
0000000000
0000010000
1000000101
0000000000
0000000000
1101000000
0000000000
0000000101
0000000000
0010001000
0010100010
1001000000
0000010011
0000000000
0000000000
0000001110
0000100000
0000000000
0000011010
0001001100
0000000000
0100001100
0100000001
0000100010
0001010100
0001000000
0000000000
0000000000
0000100000
0001000001
0000000000
0000000000
0000000000
0000000000
0100011000
0001000100
0000000011
0000000000
0000000000
0000100000
0011010100
0010100000
0000000000
0000000000
0100110000
0000000100
1001001000
1000100000
0000011000
0000001000
1001110000
0101001000
0000000000
1000010000
0000000000
0000110100
0000010000
0010000001
1011000000
0110000000
1000000000
0000000000
0011000000
0000000001
0000000000
0000011000
1101000010
1100000001
0000000000
0110100001
0000000000
0010010000
0000100001
0000010000
1011000010
1010101000
0100100011
0000000100
1100100000
0100000000
0001000101
0010000100
0000000000
0001100110
0101010000
0001001000
1000111000
0000000000
1001000000
0000001000
1000010010
0000010000
1000001010
0000101000
1001010010
0100000010
0010000000
0000000000
0000100000
0001000010
1010011000
0001000000
0000001010
0000001000
0000000000
0000000000
0000010111
0010000000
1111000000
0000000000
1100010001
0000001100
0000000010
0010000001
0010100100
0010100001
0110000010
0000010001
0001000101
0000000001
1100000001
0000000000
0001000000
0000010000
0000000000
0000001000
0000001000
1000000000
0000000000
1001100001
0100010001
0000011001
1010100000
1000100100
0001000000
1000010000
0100100000
0001000000
0000100010
1000000101
0000000001
0000111000
0011000000
0110000010
0100001000
0001010001
0100010101
0100000010
0111000010
0000101000
1000001010
0001110000
0000000000
0001101000
0000110001
0001010100
0000000000
0000000010
0001000000
0000000000
1001000010
0000110010
0010100000
0001000001
1100000011
0011010010
0001110000
0000100000
0010001010
1010100001
0101001000
0000011100
0001110100
0000011100
1000010000
0011010000
0000001100
1000000100
0001001000
0000000000
0100110001
1000000000
0000110101
0000000000
0000001000
0000000000
0000000000
0000000100
0000000001
1000000000
0000000000
0000010000
0000000000
0010010100
0000000000
0000001100
0000000000
0000000000
0000000000
1011010000
0000000000
0011000010
0010100010
0000000000
1000100000
0001000010
0110000010
0000000000
0000110000
0100110000
1010100001
0000000000
0000000000
0000010000
0000111000
0001010010
0000101000
0000000000
1000010100
1000101000
0010100010
0000000000
0000110010
0000100000
0000010000
0010000000
1001000000
0110010010
0001010000
0000001000

