300
10
2
0001001011
0001001000
0100001100
0000100001
0000000000
1000000000
0001010100
0110000001
0001100100
0000000000
0000000000
0010000000
0110000100
0000000000
0010000000
0000000000
0100100000
0000000100
1100001001
0110100001
1000000000
0010000000
0000010001
0100101010
0001010100
1010001000
0000000000
0100000101
0011010010
0000000000
1110000001
0001001010
0000001000
0100000000
0000101010
0000010000
0000001000
0000000000
1010000010
1000000000
0000000000
1010100001
0000000000
0010001100
0001100000
0000000001
1111000000
0000000000
0000100000
0000000000
0100000001
0000000000
0010010110
1000001000
0100100101
1011010000
0000000000
0000000000
0000000000
0001110000
1010000000
0000011000
0000000000
0000000000
1001000010
0000000000
0001000000
1000000000
0000000000
0000000000
0010000011
0010000000
0100000001
0000010110
0000000010
0000100111
0000000000
0000001000
0000000000
1110000000
0000000000
0000000000
0000000000
1000000000
1010010100
0000000000
1001100000
0011000000
0010000101
0100101010
0100000010
0000001001
1010000010
1000010000
0000000000
0000000000
0000000100
0000000000
0000000000
0100010010
0100001010
1010000010
1000001001
0000000000
1000100000
0110000000
0000000000
0010000001
0000000000
0000000000
1000000101
0010000000
0010010101
0000001001
1011000000
1000000010
1000000010
0000000000
0000000100
0100100000
1010000010
0001000000
0001010010
0010100001
0000001000
0100110100
0011110000
0000000111
0000000100
0000000000
0000000000
1000000000
0000000000
1000000011
0010000010
0000011110
1000010000
0011010010
0000001000
0001100000
1000100010
0001000000
0010010010
0000000000
0000000000
0100000001
0000110010
0011001000
0000000000
0010000000
0000110100
0001010000
1011000001
0010000000
0010000010
0000000000
1000010000
1100100001
0100100001
0010000100
0000000000
0001010001
0101000100
1000100000
0000000000
1010000001
0000000000
0100101100
1001000001
1000000100
0000000000
1001000010
0000101001
0000010110
1000101001
1000011000
0000001000
0000000000
0000000000
0011001000
0100000100
0000000010
1000100010
0000000000
0000010001
0010000000
0000000000
0010000001
1001100001
0000000000
0001000000
0000000000
1000000000
0000001000
0100000011
0001010010
0000010010
1000001010
0000000000
1000100000
0010000000
0000100000
0000001000
0000000100
0000010101
0000000000
0000000000
0110000100
0000000000
0110000000
0000000000
0110010000
0000000000
0000010110
0011100000
0010100001
0001101001
1001110000
0100010000
1000100100
1000000001
1000000010
1011000010
0010010001
0000100010
0000010011
0000001000
0000110010
0000000000
1000001010
0000010000
0010010000
0111100000
1010001000
0100100000
1000010010
0000000000
0000000000
0110001010
1000000000
0000000001
0000100001
0000000000
0101010100
0000000000
0000000000
0111001000
0100101000
0000000000
0000001000
0000000010
0000010000
0000000000
0100000000
0000000000
0011000000
0010000001
0101000110
0100000010
0100000100
0000001010
1100000010
1100000000
0011000000
0000100000
0011000000
1100010001
0000000000
0000000000
0000000110
0000000000
1101000000
0000000000
0000000000
0110000000
0000010000
0000000001
0000101001
0001000000
0000000000
0100000100
0000100100
0000000000
0100100100
0100000000
0100000010
0011001000
0101010100
0000101010
1000001010
0000100000
0000000010
0010000000
0000000000
0000110100
0001001001
1000010000
0000000000
1000010000
0000100000

