300
10
2
0000000011
0010000100
0000000000
0000000000
0000001000
0000000000
0000001000
0000000010
0010010000
0100001001
0000000001
1000000000
0000000000
1100000000
1000000100
0000000000
0000100100
0100100001
0000001000
0000000000
0000010000
0000001000
0000000000
0001000000
0000000010
0001010011
0001000000
1000000011
0000010001
0000000000
0000000000
0000000001
0000110010
0000000000
0001100011
0000100011
0000000000
0111000000
0101000010
0000000001
1000100000
0010000001
0000000000
0000000000
1000000000
0010001000
0000010000
0000000100
0001000000
0011101000
1000011000
0000000001
0001001001
0000000001
0000001010
0000100011
0000100110
0000010000
0011000100
0001000001
0000101000
0001100000
0000000000
1110000000
0000100000
0000100000
0000000000
1001010000
0000000000
0001001100
0000010000
0000000000
0000100000
0000000000
1011100000
0010001100
0000010000
0000000000
0111000000
0000000010
0000001001
0011010000
1000100000
0000000000
0001010010
0010000010
0000000000
0000000000
0000000000
0000000001
0011011000
1000100001
1100001001
1000000111
0000000000
0001001011
1010001000
0000000111
0000010110
0001001000
0001101000
0000000000
0011000000
1000010000
0000000000
0000000000
0000000000
1001000000
0000100000
0100000100
0000110000
0001100000
0000000000
0000000000
1001000000
0110110000
1000001001
1000000110
0000000000
0100001010
0000100001
0001000000
1000000010
1000000010
0000000000
0010010011
1011010000
0000010010
0000000000
0000000000
1000100011
0000000010
0100000000
1000000000
0001100000
0000000000
0010000101
0100010100
0010000000
0000001000
0010000110
0010001001
0000000000
1001000100
0000000000
0110100000
0010000000
0001000011
0010000010
0000001001
0000000000
1000101010
0000001000
1001000011
0010000010
1000000000
0000000000
0000000000
1000000000
0000011001
0000000000
0000010000
0011000100
0000000000
0000000000
0010000000
0000010010
0010000010
0110000001
1100001000
0000000000
0100010100
0110000000
0000011100
0000000000
0000100001
1001100000
0000000100
0000000000
0000000100
0010110100
0000100001
0100000000
0000011101
0001001000
0000000001
0000000000
0100001100
1001000000
0000001100
1000010010
0100000100
0100100000
0001011010
0010010001
1101000010
0110001000
0100000000
0000000000
0000010001
0000000001
0000000000
0110110000
0001000000
0000011100
1010000000
0000000100
0000000000
0001010001
0000001000
1010110000
1100000001
0101000000
0011101000
0100100101
0000100010
1001010100
0001000001
0000000000
0000001111
0000000000
0101001010
0000000000
1011100000
1000000000
0000000000
0000000000
0101010010
1000011000
0100010001
0010100000
0000000001
0000000000
0000100000
0001001000
1000000000
0011000010
1000000110
0000000000
0000000000
0101000010
0001110000
0100001010
0010000001
0001000110
1001001000
0000100000
0000011000
0100011000
0000000000
0110100000
1001001000
0100010010
0000000011
0000100000
0000000000
0000101001
0011010100
0000000000
1001010000
0000001000
0000011100
0000000000
0000000000
0000000000
0100000011
0000000010
0000000000
1000000000
1011000000
1001001000
0010100100
0000000000
0000000000
1010001010
0000000100
0000001101
0001000000
1000010110
0000010111
0000110000
0000000000
0100000000
0100100000
0100000000
0000101110
1010001000
0100010100
0101000001
0001000000
0010101001
1000000000
0111000100
0000101100
1000000001
0100100000
0000100001
0100001000
1000000011
0000000000

