300
10
2
0000000000
0010100010
0001001010
0100100101
0000010100
0000000000
0000100101
0110000010
0100000000
0001000000
0000111100
0000010000
0010000000
0000001000
0000101100
0000000000
0011001000
1100000000
0100001000
1001000110
0000000000
1000100000
0000000000
0000001101
0100001000
0000000000
0000111100
1000000010
0110001001
0010000101
0000000000
0000000000
1000110100
0001000000
0001110010
0000000000
0000000000
0010001100
1000001011
0000100000
0000010000
0101000011
0000011000
0100010110
0110000001
0001001100
1010110000
0000000000
0100100100
1000010001
0000000001
1100010001
0000100100
0100000000
0010011000
0000100000
0010000010
0000000000
0000110100
0010100000
1010001001
0000101000
0000000000
0000000000
0101000010
0000000000
0000000000
1100001001
0000100010
0000000000
0000000100
0010000101
0010100000
0000000000
1000110000
0001100010
0000010000
0000100000
1010000000
0100010010
1100010100
0000101011
1000001010
0011010000
0010000000
0010001100
0100001000
0000010000
0010000000
0000000000
0001000000
0010101000
0110000001
0000000000
0000000000
0010110100
0100001100
0100000111
0000010000
0000010000
0000011100
0000010010
0000011100
1000100110
0000000000
0100000001
0000000000
0011000110
0001000100
0010101000
0111100000
1100000100
0010000001
0000000010
1100100000
1001000000
0000000000
0000010000
0000010000
1001000000
0000000000
0010100000
1100000101
0100000000
0000000000
0000000000
0000000000
0000000000
1011000000
0100000101
0000000000
0100010010
0001001010
1011000000
0000010011
0000000000
0010000000
0000000000
0000000000
0010000110
0010001001
0000010101
0100010010
0010010000
0000000000
0000110011
0100000000
0101000101
0000010100
0000000000
1010011000
0111000000
0001000010
0100100100
0000100101
0010001010
0010000100
0000010000
0000000000
0010000101
0000000000
0001000110
0000001000
0000000100
0010010011
0000100010
1000010100
0000000000
0000000000
1000100100
0000000000
0000000101
0011000000
0100100100
0000000010
0000100000
0000010000
1000001000
0000010100
1100000101
1100010000
0100001000
0000000000
0010000010
1011100000
0000000100
0010100011
0011000000
0000000010
1000100000
0100101000
0000010100
0101000110
1000000000
0010100000
0100101100
0000001001
0000000000
1100100000
1001000000
0000000000
0000001000
0000000000
1000010001
0001000010
0000000000
0000000000
0000000000
0000000000
0001000101
0001010001
1000000100
0001001001
1011000100
0000010010
0100100001
0000000000
1000100010
0010010101
0001010101
0000100001
0000001000
1100110000
0110100100
1000010110
0001001000
0010000100
0011000000
0000000000
0000000010
0100010101
1100100000
0000000000
0000000000
0001100001
0000101110
0001111000
0101000000
0100000000
0000100110
0000000000
0010011000
0000000000
0110010010
0000000000
0011001001
0001000100
0000000100
0000000000
0000000000
0100000000
0000000000
0000000100
0011000000
1000000000
0001000000
0000000000
0000000001
0000000000
0110010000
0100100000
0010000010
0000000000
0010001011
0000000000
1000000000
0000000100
1010001000
0010000000
0000000000
1000000011
0010000100
0000000000
1010010000
0000000000
0001000000
0011110000
0000000000
0000000000
0000100110
1010110000
0110110000
0000000010
0010000001
1000101010
0110010001
0010101001
0101001000
0100001000
0000000010
0000000000
0000000000
0000000000
0000000000
0110000010
0100101001
0001000101
1100000000
0000100000
0010001010

