300
10
2
0000000001
1000100001
0010100110
0101011000
0100000000
1000000000
0000011011
0000000000
0000000000
0000000000
0000000000
0101000000
1100001001
1100001001
0100000111
1110010000
0111010000
0000010001
0000101010
0011010000
1000000010
0100000000
0000001000
0000100001
0000000100
0000000001
0000100000
1000000010
0100000000
1000000000
0100000000
0000010000
0011110000
0000100001
1010001000
0000000000
0000011000
0100000000
0100011000
0000000000
0000000010
0001110000
0000000101
1001000001
0010000000
0000000000
0001100010
0101000000
0001101000
1000000100
0000000000
0000100000
0011010000
0000000000
1001010010
1000001000
0010101000
0110100000
0101000001
1100100001
0000110010
0100001010
0000000000
0100011000
0000000000
0000000010
0000000000
1000000000
0000110001
0000000011
1010000110
0110100000
0000000000
0000000001
0010010010
0000000000
0000001000
0000000001
1010000110
0000000000
1000000010
0100111000
0000100010
0001000010
0101010100
1000100000
1000000100
0000001000
0000000000
0000010010
0001000000
0000000000
0000000000
1000000000
0001000000
0000000000
0001001000
0000100100
0001001100
0000001000
0000100000
0000000000
0001000000
1001001010
0000000100
1000010000
0000000000
0100000001
0011000100
0010000110
0100000000
0000000100
0101100000
1100001100
0001001000
0000000000
0000000000
0000000000
0110000000
0101000000
0000000100
0000000001
0000011001
1000000100
0100110100
0000000000
0010011100
1001100100
0000100001
0000101100
0000011011
0000000000
1110010000
0000000110
1011000001
0000010000
0010000000
0000000100
0001000000
1000100000
0000000000
0000010110
1000010100
0100010110
1000000000
0000000100
0010001000
0000000000
0100000000
0100000100
0000000000
0100001100
0000000110
0010000010
0000000000
0000000000
0010100100
0000000000
0000000000
0011100001
0000000000
0010000101
1000001010
0010011000
1000000000
0100100101
0000000000
0000000000
0001101000
0000010000
0000000000
0000000000
1010000000
1000110001
0000001100
0101000000
0001000000
0000000000
0000000010
0000000000
0001010001
0000100000
0000000000
0000001100
1110000001
0100000100
0100100100
0000000000
1000001000
1000010001
0000000000
0000000111
0000110100
0000010010
0101001001
0000000110
0000000000
0001000001
0001000111
0000000100
0000000000
0000000100
0000000000
0000000000
0000100000
0000000000
0000000000
0000000000
1000001000
0011100100
1010010000
0000001000
1000001000
1000000000
0000000000
0010001001
0001000000
0010010001
0000000010
0001110001
0001000110
1000001000
0010000000
0010100101
0000001001
0000001000
0000010000
0000000000
0000000000
0000000000
0100000001
0000001001
1000000000
0010100000
0100000100
0000000000
1001000001
0000000110
0010010010
0011010100
0000010000
0000010000
0100100000
1101010000
0000000100
0001000000
0100000110
0000000000
0000000000
0000100100
0000001100
0001010011
0001010000
1011100000
1100000110
0001001100
0010000000
0001100000
0000000010
0000001000
1010001000
0000000000
1000000100
0100010000
0000100011
0000000000
0000100000
0101001100
0000000000
0001001000
0111010000
1001000010
0101000000
0100010110
1001010010
0101010000
0000000001
0110100000
0010000000
0001000000
0001100000
1100000001
0000000000
1110100000
0000000000
0010000111
0100010000
0010000001
0000110010
0000001000
1000100100
1100011000
1000100001
0000110010
1101100000
0000010010
1000000000
1000000100
0000000000
0100000000

