300
10
2
0010000010
0000001010
1000010001
0001111000
0000011000
0000000001
0000011000
0000000000
1100000000
1000000100
0000010010
0000000000
0000000000
0110001000
0000100000
0100000000
0000011010
1110010000
0000000100
0000000000
1010000100
0000000000
0100011000
0101000001
0000000010
0011010010
0001011010
0101000010
0100011001
0101010010
0000000000
1000110000
0000101010
0000000100
0010000111
0000000000
0010100011
0000000000
1010000010
1000100000
0001100010
0000000001
0000010100
0010100000
0100000001
0100000100
0100100100
0000000101
0101001000
0000000010
0010000000
0010000000
1000100000
1100001000
0000010001
0010000000
0100100000
0000100001
0000010000
0010000000
0000010000
1110000001
0000010100
0011100000
0001001010
0000000110
0000000000
0000000101
0000000000
0000010000
0000000000
0000000000
0000000001
0100100100
0000000000
0000000000
0001010001
0000000000
0010001000
0001010100
0000000000
0001000000
0001000000
0110000000
0010101001
0000000000
0000010100
0000100000
0000111010
1100000000
1001000100
0011100000
1000100000
0000000010
0010000000
0000101100
1100100100
0000000000
0000000000
0000000000
0000000000
0000000000
0000100000
0000000000
0000100000
0000001011
0000000000
0000000000
1010000000
0100000101
0000000000
0000000000
0000010100
1011010000
0000000000
0000000000
1010011000
1000010001
0101000000
0111100000
0000000001
0001000000
0000000000
0000000000
0000000001
0100100000
0111000000
0101010001
0010000000
0110000001
0000000000
0000000000
0000000000
0000000000
0000000011
0000000000
0000000000
0000010000
0000010000
1010000000
0001101000
0000010101
0010000000
1000010100
0000000011
0001010101
1001001000
0000010010
0000000000
0000010010
0100010001
0000011100
0010010000
0100110000
0000000001
0000000000
0100000001
0001000000
0001000000
1000000010
0000000000
0000001000
0000000000
0000000000
0000000000
0000100000
0001000000
0000000000
1100101000
0000000000
1010000101
0110100001
1010100000
0000000000
0011110000
0001000000
0000100000
1011000000
0000100001
0110100000
0001010100
0000000000
0000000110
0001010110
1000000010
1000001000
0010000000
0000000000
0000000000
0010000000
1100101000
0000001000
1000101000
0010100000
0000000000
1010001000
0000000000
0000000001
0010000000
0000000000
0101001010
0100001101
0001100000
0001000010
0101001000
1101000001
0000000111
0000000000
0000101000
0110000010
0100100001
0000010001
0001000000
0100100000
0000000111
0000000000
0000101001
1010100000
0000100000
1000011010
0000000110
0000000100
1100001001
0000001000
0010010001
0100000000
0100101010
0000000000
1011000000
0001010000
0000000001
0000101100
1001100000
1000000000
0000110000
0000110010
0100000000
0000100000
0000111001
1000000000
0000000000
0100101010
0000000000
0000000000
0000100000
0000000000
0000010000
0000101000
0000010000
0011000001
0110100010
0010000100
0010100000
0010000001
0000110011
0000000000
1000000000
1000000010
0010000000
0000000000
0000101100
0000000100
0000000000
0100101001
0100000110
1000010100
0000010010
0000010001
0000011000
0000000000
1000100101
0010000000
0010000010
0100001010
0000100100
0000000000
0000000000
1000000001
0001110010
0010100010
0111000001
0000010000
0001000000
0010000000
0000001000
0000100000
1001100000
0000000101
0110000100
0000000000
1000001000
0000100000
0000000001
0000000001
1000000000
0110100010
0000000000
0100000100
0000000000
0000000000

