300
10
2
0110000110
0000010011
0110100000
0101100000
0001000010
0000010101
1000000000
0000000001
1100000110
0000000000
0011100100
0010001000
0111000000
0001010000
0001110001
0101010010
1001001100
0000101010
1000000100
0001000000
0000101011
0010000100
1000110000
0011100010
0000001000
1000010001
0000000000
0011000001
0000100010
0000010010
0100101000
0000011010
0000001000
0001001000
0000100010
0000010101
0001101000
0010001010
0100010101
0000000000
0010100000
0100000100
0000000000
0100000000
0100010000
0100011000
0001100000
0000100100
1000010000
0000001000
0000100100
0000000000
0000000000
0000001000
0101001100
0000001010
0000000001
0000000000
1001011000
0001100001
1100000000
0000000000
1000000000
0000010000
0000000000
0000000000
0110000100
0001000000
0000000000
0000000000
0100101000
0000010100
0010000000
0000000000
0001001000
0010000001
1000111000
0011000000
0000000000
1101000100
1010010000
0000010000
0000000100
0000010010
1001000000
0000000000
1110000100
0001000001
1000011000
0000010000
0001000000
0001000011
0001100010
0000000000
1101000010
0000000000
0001000000
0000100011
1010001000
0001011000
0000001000
0110001001
0000000000
0010000011
0001001000
0101000001
0000100000
1000000101
0000001101
0000000000
0000100001
1001001010
1000000011
0010000000
0000100000
0000100000
0000000000
1011100000
0100001001
0000000000
0100000000
1001000010
0000000000
1100001001
0000000001
0100000001
0001010001
1000000000
0000001011
1000001110
0001001100
0001000000
0000001001
0010001001
0000000000
0000010000
1001100010
0000000000
0000000000
0000100000
0110000000
0000000000
0010000001
0000010110
0001100000
0000000000
0000000000
0000000000
1010000001
0000000000
0000000000
0000000000
0001111000
0000011010
0110000010
0010000100
0100010000
1100000100
0000000000
0000010000
1000001100
1100000100
0100000101
0100000000
1001010010
0000001011
0001110001
0000001000
0000010000
1001100001
0001000110
0100111000
0000100000
1000100010
0010010000
1000001011
0000100100
0110100010
0100000000
1000000000
1001001001
0000110101
1000001100
1010100000
0000000000
0000000100
0100010100
1000110001
0000000000
0100001000
0001010010
0000001011
0001110100
0000000100
1000000000
1010110000
0100101000
0000010001
0000000010
1000000000
0101000001
0001000001
0110100001
0000000000
0000000000
0100000000
0000000000
0000000000
0000000000
0010000010
0100000000
1000000000
0010001000
0000001000
0000000000
0001010001
0001100100
0101100010
0000000000
0001000000
0100000001
0000000000
1000000011
0100101000
0000110001
1000100000
0000000001
0001001000
0000100000
1000010000
0011010001
1000001010
0100000100
0000001001
0000000000
0100000001
0001100010
0000000000
1010010000
0010000110
0010000000
1000100001
0100010000
0000110000
0000101010
0000100010
0001000100
0000001011
0000000000
0000000100
0110100001
0000000000
0000000000
0000101100
0100001010
0001000000
0110101000
1000001000
0000001110
1000000110
0010010001
1000100000
0001001000
1000010010
0000000100
0000100101
0000000000
0010000000
0110100000
0000000010
0000000010
0010100000
1100010010
0000000000
1000000000
0000000000
0001000000
0000010001
1000000101
0100110000
0011010000
0000000000
0000000000
0001000010
0010000010
0000000000
0011010000
0000010000
1000100100
0000001000
0010010001
0000110100
0000100000
1000000000
0001011100
1001000000
0000100000
0000000011
1010000000
0011000000

