150
49
2
0000000000000100000000010000000000000010000000000
0000000000000100000000010000000000000000000000000
0000010000000000000000000000000000000000000000000
0000000000000000000000000000000000000000000000000
0000010000000000000000000000000000000000000000000
0000000000000100000000010000000000000010000000000
0000000000000100000000010000000000000010000000000
0000000000000100000000010000000000000010000000000
0000000000000100000000010000000000000010000000000
0000000000000100000000010000000000000010000000000
0000010000000000000000000000000000000000000000000
0000000000000100000000010000000000000010000000000
0000000000000100000000010000000000000010000000000
0000010000000000000000000000000000000000000000000
0000000000000100000000010000000000000010000000000
0000010000000000000000000000000000000000000000000
0000010000000000000000000000000000000000000000000
0000000000000100000000010000000000000010000000000
0000000000000100000000010000000000000010000000000
0000010000000000000000000000000000000000000000000
0000010000000000000000000000000000000000000000000
0000000000000100000000010000000000000010000000000
0000010000000000000000000000000000000000000000000
0000010000000000000000000000000000000000000000000
0000000000000100000000010000000000000010000000000
0000000000000100000000010000000000000010000000000
0000000000000100000000010000000000000010000000000
0000000000000100000000010000000000000010000000000
0000010000000000000000000000000000000000000000000
0000000000000100000000010000000000000010000000000
1000000000000100000000010000000000000010000000000
0000000000000100000000010000000000000010000000000
0000000000000100000000010000000000000010000000000
0000000000000100000000010000000000000010000000000
0000000000000100000000010000000000000010000000000
0000000000000100000000010000000000000000000000000
0000010000000000000000000000000000000000000000000
0000000000000100000000010000000000000010000000000
0000000000000100000000010000000000000000000000000
0000000000000100000000010000000000000010000000000
0000000000000100000000010000000000000010000000000
0000000000000100000000010000000000000010000000000
0000000000000100000000010000000000000010000000000
0000000000000100000000010000000000000010000000000
0000000000000100000000010000000000000010000000000
0000000000000100000000010000000000000010000000000
0000010000000000000000000000000000000000000000000
0101000000000000000000000000100010000000000001000
0101000000000000000000000000100010000000000001000
0101000000001000000000000000100010000000000001000
0101000000001000000000000000100010000000000001000
0101000000001000000000000000100010000000000001000
0101000000001000000000000000100010000000000001000
0101000000001000000000000000100010000000000001000
0101000000001000000000000000100010000000000001000
0101000000000000000000000000100010000000000001000
0101000000000000000000000000100010000000000001000
0101000000000000000000000000100010000000000001000
0001000000000000000000000000100010000000000001000
0100000000000000000000000000100010000000010001000
0000000000000000000000000000100010000000010001000
0100000000000000000000000000100010000000010001000
0101000000000000000000000000100010000000000001000
0101000000000000000000000000100010000000000001000
0101000000000000000000000000100010000000000001000
0101000000000000000000000000100010000000000001000
0101000000000000000000000000100010000000000001000
0101000000001000000000000000100010000000000001000
0101000000000000000000000000100010000000000001000
0101000000000000000000000000100010000000000001000
0101000000000000000000000000100010000000000001000
0101000000000000000000000000100010000000000001000
0101000000000000000000000000100010000000000001000
0001000000000000000000000000100010000000000001000
0101000000001000000000000000100010000000000001000
0101000000000000000000000000100010000000000001000
0101000000000000000000000000100010000000000001000
0101000000000000000000000000100010000000000001000
0101000000000000000000000000100010000000000001000
0101000000000000000000000000100010000000000001000
0101000000000000000000000000100010000000000001000
0101000000000000000000000000100010000000000001000
0101000000000000000000000000100010000000000001000
0101000000000000000000000000100010000000000001000
0101000000000000000000000000100010000000000001000
0101000000000000000000000000100010000000000001000
0101000000000000000000000000100010000000000001000
0101000000000000000000000000100010000000000001000
0001000000000000000000000000100010000000000001000
0101000000000000000000000000100010000000000001000
0101000000001000000000000000100010000000000001000
0101000000001000000000000000100010000000000001000
0101000000000000000000000000100010000000000001000
0101000000001000000000000000100010000000000001000
0101000000001000000000000000100010000000000001000
0101000000001000000000000000100010000000000001000
0101000000001000000000000000100010000000000001000
0101000000000000000000000000100010000000000001000
0101000000001000000000000000100010000000000001000
0101000000001000000000000000100010000000000001000
0101000000001000000000000000100010000000000001000
0101000000001000000000000000100010000000000001000
0100000000000000000000000000100010000000010001000
0000000000000000000000000000000000000000000000000
0000000000000000000000000000000000000000000000000
0000000000000000000000000000000000000000000000000
0000000000000000000000000000000000000000000000000
0000000000000000000000000000000000000000000000000
0000000000000000000000000000000000000000000000000
0000000000000000000000000000000000000000000000000
0000000000000000000000000000000000000000000000000
0000000000000000000000000000000000000000000000000
0000000000000000000000000000000000000000000000000
0000000000000000000000000000000000000000000000000
0000000000000000000000000000000000000000000000000
0000000000000000000000000000000000000000000000000
0000000000000000000000000000000000000000000001000
0000000000000000000000000000000000000000000001000
0000000001000000000000000000000000000000000000000
0000000000000000000000000000000000000000000000000
0000000000000000000000000000000000000000000000000
0000000000000000000000000000000000000000000000000
0000000000000000000000000000000000000000000000000
0000000000000000000000000000000000000000000000000
0000000000000000000000000000000000000000000000000
0000000000000000000000000000000000000000000000000
0000000000000000000000000000000000000000000000000
0000000000000000000000000000000000000000000001000
0000000000000000000000000000000000000000000000000
0000000000000000000000000000100000000000000001000
0000000000000000000000000000000000000000000000000
0000000000000000000000000000100000000000000001000
0000000000000000000000000000100000000000000001000
0000000000000000000000000000000000000000000000000
0000000000000000000000000000000000000000000000000
0000000000000000000000000000100000000000000001000
0000000000000000000000000000100000000000000001000
0000000000000000000000000000000000000000000000000
0000000000000000000000000000100000000000000001000
0000000000000000000000000000100000000000000001000
0000000000000000000000000000100000000000000001000
0010000000000000000000000000000001000000000001000
0010000000000000000000000000000001000000000001000
0000000000000000000000000000000000000000000000000
0000000000000000000000000000000000000000000000000
0000000000000000000000000000100000000000000001000
0000000000000000000000000000100000000000000001000
0000000000000000000000000000000000000000000000000
0000000000000000000000000000000000000000000000000
0000000000000000000000000000000000000000000000000
