15
98
2
00000000000000000000000000000000000000000000000000000000000000000000000000000000000000000000000000
10111001101110010000000000110000000000111101110011000011110011111111011111101111010001101100011011
00000000000000101000111110010011110101011011001101111011011001000001111000010000010110000101000000
00000000000000101010111110010011110101011011001101111011011001000001111000010000010110000101000000
00000000000000100100111110010011100101011011001101101011011001000001111000010000010110000101000000
00000000000000100100111110010011100101011011001101101011011001000001111000010000010110010101000000
00000000000000100000111110010011100101011011001101101011011001000001111000010000010110000101000000
00000000000000100000111110010011100111011011001101101011011001000001111000010000010110000101000000
00000000000000100000111111010011100111011011001101101011011001000001111000010000010110000101000000
01000010000000100000111110010111101101011011001101101111011001000001111000010000110110000101100100
00000000010000100000111110010011100101011011001101101011011001000001111000010000011110000101000000
00000000010000100001111110010011100101011011001101101011011001000001111000010000010110000101000000
00000100000000100000111110011011000101011011001101101011011001000001011000010000010110000111000000
00000010000001100000111110011011000101011011001101101011011001000001011000010000010110000111000000
00000010000001100000111110011011000101011011001101101011011101000001011000010000010110000111000000

										
















