40
52
2
0000000000000000000000000000000000000000000000000000
0000000000000000000000010000000000000100000000000000
0000000000000000000000010000000000010000000000000000
0000001000000000000000010000000000010000000000000000
0000000000000000000000010000000000000000000000000100
0000010000000000000000010000000000000000000000000100
0000000000000100000000010000000000000000000000000100
0000000000000000000100000000000000000000100000000000
0001000000000000000100000000000000000000100000000011
0000000000000000000000010010000000000000001000000100
0000000000000000000000010010000000000000001000000100
0000000000000000000000010000100000000000010000000100
0000000000000000000000010000000000001000000100000100
0000000000000000000000010000000000001000000100000100
1000000000000000000000000000000000100000000001100000
0100000000010000000000010000000000000001000000000000
0100000000010000000000010000000000000000010000000000
0000000000000000010100000000000000000000100000000000
0000000000000000010100000101000000000000100000000000
0000000000000000010100000101000000000000110000000100
0000000000000000110100010000000001000000000000000100
0000000000000000110100010000000001000000000000000100
0000000001010000000000000000000100000000100000000000
0000100000100101000000000000001000000000000010000000
0000000000000100000100010000000000000000000000010000
0000000110000000000000010000000001000000000000000100
0000000000001000000000000000000000000000000000001000
0000000000000000000000010000000000000000000000000100
0000000000000000000000000000100010000000000000000000
0000000000000000000010010000000000000000100000000000
0000100000100000000001000000000000100000000000000000
0000000000000010000000010000010000000000010000000000
0000000000000000000000010010000000000000001000000100
0000000000000000000000010010000000000000001000000100
0000000000000000000000011010000000000000001000000100
0000001000000000110100100000001000000010000000000000
0000001000000000110100100000001000000010000000000000
0010000000010000110100000000010000000000000000001100
0000000000000000111100100000000000000010010000000000
0000000000000000000000000000000000000000000000000000
