33
405
2
000000000000000000000000000000000000000000000000000000000000000000000000000000000000000000000000000000000000000000000000000000000000000000000000000000000000000000000000000000000000000000000000000000000000000000000000000000000000000000000000000000000000000000000000000000000000000000000000000000000000000000000000000000000000000000000000000000000000000000000000000000000000000000000000000000000000000000000
000000000000000000000000000000000000000000000000000000000000000000000000000000000000000000010000000000000000000000000000000000000000000000000000000000000000000000000000000000000000000000000000000000000000000000000000000000000000000000000000000000000000000001000000000000000000000000000000000000000000000000000000000000000000000000000000000000000000000000000000000000000000000000000000000000000000000000000
000000000000000000000000000000000000000000000000000000000000000000000000000000000000000000010000000000000000000000000000000000000000000000000000000000000000000000000000000000000000000000000000000000000000000000100000000000000000000000000000000000000000000000000000000000000000000000000000010000000000000000000000000000000000000000000000000000000000000000000000000000000000000000000000000000000000000000000
000000000000000000000000000000000000000000000000000000000000000000000000000000000000000000010000000000000000001000000000000000000000000000000000000000000000000000000000000000000000000000100000000000000000000000000010000010000000000000000000000000000000000000000000000000000000000000000001100000000000000000000000000010000000000000000000000000000000000000000001000000000000000000000000000000000000000000000
000000000000000000000000000000000000000000000000000000000000000000000000000000000000000000010000000000000000001000000000000000000000000000000000000000000000000000000000000000000000000000100000000000000000000000000010000010000000000000000000000000000000000000000000000000000000000000000001100000000000000000000000000010000000000000000000000000000000000000000001000000000000000000000000000000000000000000000
000000000000000000000000000000000000000000000000000000000000000000000000001000000000000000010000000000000000001000000000000000000000000000000000000000000000000000000000000000000000000000100000000000000000000000000010000010000000000000000000000000000000000000000000000000010000000000000001000000000000000000000000000010000000000000000000000000000000000000000001000000000000000000000000000000000000000000000
000000000000000000000000000000000000000000000000000000000000000000000000000000000000000000010000000000000000001000000000000000000000000000000000000000000000000000000000000000000000000000100000000000000000000000000010000010000000000000000000000000000000000000000000000000000000010000000001000000000000000000000000000010000000000000000000000000000000000000000001000000000000000000000000000000000000000000000
000000000000000000000000000000000000000000000000000000000000000000000000000000000000100000010000000000000000001000000000000000000000000000000000000000000000000000000000000000000000000000100000000000000000000000000010000010000000000000000000000000000000000000000000000000000000000000000001000000000000000000000000000010000000000000000000000000000000000000000001000000000000000000000000000000000000000000000
000000000000000000000000000000000000000000000000000000000000000000000000000000000000000000010000000000000000001000000000000000000000000000000000000000000000000000000000000000000000000000100000000000000000000000000010000010000000000000000000000000000000000000000000000000000000000000000001000000000000000000000000000010000000000000000000000000000000000000000001000000000000000000000000000000000000000000000
000000000000000000000000000000000000000000000000000000000000000000000000000000000000000000010000000000000000001000000000000000000000000000000000000000000000000000000000000000000000000000100000000000000000000000000010000010000000000000000000000000000000000000000000000000000000000000000001000000000000000000000000000010000000000000000000000000000000000000000001000000000000000000000000000000000000000000000
000000000000000000000000000000000000000000000000000000000000000000000000000000000000000000010000000000000000001000000000000000000000000000000000000000000000000000000000000000000000000000100000000000000000000000000010000010000000000000000000000000000000000000000000000000000000000000000001000000000000000000000000000010000000000000000000000000000000000000000001000000000000000000000000000000000000000000000
000000000000000000000000000000000000000000000000000000000000000000000000000000000000000000010000000000000000001000000000000000000000000000000000000000000000000000000000000000000000000000100000000000000000000000000010000010000000000000000000000000000000000000000000000000000000000000000001000000000000000000000000000010000000000000000000000000000000000000000001000000000000000000000000000000000000000000000
000000000000000000000000000000000000000000000000000000000000000000000000000000000000000000010000000000000000001000000000000000000000000000000000000000000000000000000000000000000000000000100000000000000000000000000010000010000000000000000000000000000000000000000000000000000000000001000001000000000000000000000000000010000000000000000000000000000000000000000001000000000000000000000000000000000000000000000
000000000000000000000000000000000000000000000000000000000000000000000000000000000000000000010000000000000000001000000000000000000000000000000000000000000000000000000000000000000000000000100000000000000000000000000010000010000000000010000000000000000000000000000000000000000000000000000001000001000000000000000000000010000000000000000000000000000000000000000001000000000000000000000000000000000000000000000
000000000000000000000000000000000000000000000000000000000000000000000000000000000000010000010000000000000000001000000000000000000000000000000000000000000000000000000000000000000000000000100000000000000000000000000010000010000000000000000000000000000000000000000000000000000000000000000001000000000000000000000000000010000000000000000100000000000000000000000001000000000000000000000000000000000000000000000
000000000000000000000000000000000000000000000000000000000000000000000000000000000000000000010000000000000000001000000000000000000000000000000000000000000000000000000000000000000000000000100000000000000000000000000010000010000000000000001000000000000000000000000000000000000000000000000001000000000000000000000000000010000000000000000000000000000000000000100001000000000000000000000000000000000000000000000
000000000000000000000000000000000000000000000000000000000000000000000000000000000000000000010000000000000000001000000000000000000000000000000000000000000000000000000000000000000000000000100000000000000000000000000010000010000000000000000000000000000000000000000000000000010000000000000001000000000000000000000000000010000000000000000000000000000000000000000001000000000000000000000000000000000000000000000
000000000000000000000000000000000000000000000000000000000000000000000000000000000000000000010000000000000000001000000000000000000000000000000000000000000000000000000000000000000000000000100000000000000000000000000010000010000000000000000001000000000000000000000000000000000000000000000001000000000000000000000000000010000100000000000000000000000000000000000001000000000000000000000000000000000000000000000
000000000000000000000000000000000000000000000000000000000000000000000000000000000000000000010000000000000000001000000000000000000000000000000000000000000000000000000000000000000000000000100000000000000000000000010010000010000000000000000000000000000000000000000000000000000000000000000001001000000000000000000000000010000000000000000000000000000000000000000001000000000000000000000000000000000000000000000
000000000000000000000000000000000000000000000000000000000000000000000000000000000000000000010000000000000000001000000000000000000000000000000000000000000000000000000000000000000000000000100000000000000000000000000010000010000000000000000000000000000000010000000000000000000000000000000001000000000000000000000000000010000000000000000000000000000000000000000001000000000000000000000000000000000000000000000
000000000000000000000000000000000000000000000000000000000000000000000000000000000000000000010000000000000000001000000000000000000000000000000000000000000000000000000000000000000000000000000100000000000000000000000000000000000000000000000000000000000000000000000001000000000000000000000001000000010000000000000000000010000010100000000000000000000000000000000001000000000000000000000000000000000000000000000
000000000000000000000000000000000000000000000000000000000000000000000000000000000000000000010000000000000000001000000000000000001000000000000000000000000000000000000000000000000000000000000000000000000000000000000000000000000000000000000000000000000000000000000000000000000000000000000001000000010000000000000000000010000010000000000000000000000000000000000000000000000000000000000000000000000000000000000
000000000000000000000000000000000000000000000000000000000000000000000000000000000000010000010000000000000000001000000000000000000000000000000000000000000000000000000000000000010000000000000100000000000000000000000000000000000000000000000000000000000000000000000000000000000000000000000001000000010000000000000000000010000010100000000000000000000000000000000001000000000000000000000000000000000000000000000
000000000000000000000000000000000000000000000000000000000000000000000000000000000000000000010000000000000000001000000000000000000000000000000000000000000000000000000000000000000000000000000000000000000000000000000000000000000000000000000000000000000000000000000000000000000000000000000001000000010000000000000000000010000010100000000000000000000000000000000001000000000000000000000000000000000000000000000
000000000000000000000000000000000000000000000000000000000000000000000000000000000000000000010000000000000000001000000000000000000000000000000000000000000000000000000000000000000000000000000000000000000000000000000000000000000000000000000000000000000000000000000000000000000000000000000001000000010000000000000000000010000010100000000000000000000000000000000001000000000000000000000000000000000000000000000
000000000000000000000000000000000000000000000000000000000000000000000000000000000000000000010000000000000000001000000000000000000000000000000000000000000000000000000000000000000000000000000000000000000000000000000000000000000000000000000000000000000000000000000000000000000000000000000001000000010000000000000000000010000010100000000000000000000000000000000001000000000000000000000000000000000000000000000
000000000000000000000000000000000000000000000000000000000000000000000000000000000000000000010000000000000000001000000000000000000000000000000000000000000000000000000000000001000000000000000000000000000000000000000000000000000000000000000000000000000000000000000000000000000000000000000001000000000000000000000000000010000010000000000000000000000000000000000000000000000000000000000000000000000000000000000
000000000000000000000000000000000000000000000000000000000000000000000000000000000000000000010000000000000000001000000000000000000000000000000000000000000000000000000000000000000000000000100000000000000000000000000000000000000000000000000000000000000000000000000000000000000000000000000001000000000000000000000000000010000010000000000000000000000000000000000000000000000000000000000000000000000000000000000
000000000000000000000000000000000000000000000000000000000000000000000000000000000000000000010000000000000000001000000000000000000000000000000000000000000000000000000000000000000000000000000000000000000000001000000000000000000000000000000000000000000000000000000000000000000000000000000001000000000000000000000000000010000010000000000000000000000000000000000000000000000000000000000000000000000000000000000
000000000000000000000000000000000000000000000000000000000000000000000000000000000000000000010000000000000000001000000000000000000000000000000000000000000000000000000001000000000000000000000000000000000000000000000000000000000000000000000000000000000000000000000000000000000000000000000000000000000000000000000000000010000010000000000000000000000000000000000000000000000000000000000000000000000000000000000
000000000000000000000000000000000000000000000000000000000000000000000000000000000000000000010000000000000000001000000000000000000000000000000000000000000000000000000000000000000000000000000000000000000000000000000000000000000000000000000000000000000000000000000000000000000000000000000001000000000000000000000000000010000010000000000000000000000000000000000000000000000000000000000000000000000000000000000
000000000000000000000000000000000000000000000000000000000000000000000000000000000000000000010000000000000000001000000000000000000000000000000000100000000000000000000000000000000000000000000000000000000000001000000000000010000000000000000000000000000000000000000000000000000000000000000001000000000000000000000000000010000010000000000000000000000000000000000000000000000000000000000000000000000000000000000
000000000000000000000000000000000000000000000000000000000000000000000000000000000000000000010000000000000000001000000000000000000000000000000000000000000000000000000000000000000000000000000000000000000000001000000000000010000000000000000000000000000000000000000000000000000000000000000001000000000000000000000000000010000010000000000000000000000000000000000000000000000000000000000000000000000000000000000
