26
48
2
000000000000000000000000000000000000000000000000
000000000000000000000010000000000000100000000000
000000000000000000000010000000000010000000000000
000001000000000000000010000000000010000000000000
000000000000000000000010000000000000000000000000
000010000000000000000010000000000000000000000000
000000000000100000000010000000000000000000000000
000000000000000000100000000000000000000100000000
001000000000000000100000000000000000000100000000
000000000000000000000010010000000000000001000000
000000000000000000000010010000000000000001000000
000000000000000000000010000100000000000010000000
000000000000000000000010000000000001000000100000
000000000000000000000010000000000001000000100000
000000000000000000000000000000000100000000001100
100000000010000000000010000000000000001000000000
100000000010000000000010000000000000000010000000
000000000000000010100000000000000000000100000000
000000000000000010100000101000000000000100000000
000000000000000010100000101000000000000110000000
000000000000000110100010000000001000000000000000
000000000000000110100010000000001000000000000000
000000001010000000000000000000100000000100000000
000100000100101000000000000001000000000000010000
000000000000100000100010000000000000000000000010
000000110000000000000010000000001000000000000000
