150
10
2
0100000000
0000000000
0000000000
0000000100
0000000000
0011100100
0000001010
0001000000
0000100000
0101010010
0000000100
1000011000
0100101010
0000001001
1001001100
0000000100
0001011000
0010100100
0000000000
1010011000
0000000000
0110101000
0001100000
0000000000
0011000000
0100000001
0000100000
0001001100
0010010000
0100000000
1000000001
0101000001
0000011001
0010001000
0000000001
0010110000
1000010001
0000000000
0000011000
0000000000
0000000000
0000000000
0000110000
0000011011
0010001001
0110000011
1000100010
0000000000
1000000100
1011000001
0010011100
0000001001
0001000000
0000000100
0100010000
0010000000
0110000000
0001000011
1000000000
0100100001
0000000000
0100001000
0000000000
1001000001
1000100000
0010010000
0101000000
0000000000
0000000000
0100000000
0001001101
0000000000
0000100000
1011000001
1011000001
1000101000
0010000000
0000000000
0000101000
0000000000
0001000000
1000101100
0100000010
0000000000
1001000000
0001000000
1001000100
0000000000
0011000100
0000100001
0011000010
0000100000
0000000100
0000100000
0000000010
0000010000
0111000010
0100000000
1000100100
0000010010
0010100100
0000000000
0010000010
0000000000
0111000100
0000000000
0001000000
0000010000
0000100000
0000110100
0101000000
0000100001
0000011100
0000000000
0000010110
0010010110
0000010100
1100001010
0000000000
0001110100
1000000001
0000000010
0000000010
0010010001
0000000000
0001000010
0000000100
0000001010
0000000010
1101000000
0001111000
0010010000
0001001101
1000000000
0100001100
0100000000
0100001001
1000000001
0000000001
0100000000
0001000001
0000000000
1010001000
0000000000
0000000000
0000000000
1011000000
1100000100
0000000110
0000100000

