150
10
2
1110001000
0010010100
0100011000
0010100000
0110010000
0000000000
0001001001
1001010001
0000001000
0011010100
0000000000
0000001001
0000000100
0000101010
0010000000
1000001000
0000000100
0001000000
0000000000
0100000000
0000000000
0000000000
0000010000
0000100000
0100001110
0000000000
0000000000
0100000110
0000000000
0000001000
0000101001
0000000000
0000000001
0000000000
0000000111
0000001000
1001001001
0000110000
0100000100
1000100100
0000000000
0100000001
0000000000
0000000000
0000100101
0101000100
0000100101
0000000000
0000000010
1001000001
1100000001
0010001100
0000001100
0101000100
0010000000
1110100000
0010001000
0101000000
1000110000
0001000000
0000000000
0000010000
0000000000
0000011100
0000000010
0101000000
0010000010
0011000010
0000000000
0100000000
0010000000
1000110010
0011001100
0000000001
0101100100
0000000000
0000000000
0000000000
0110011000
0000001110
0000000000
0010000100
1010010000
0000000000
0000100000
1000010101
0000100011
0100100001
0101100100
0000011000
1001001100
0000000000
1100100000
1100001000
1010010000
1000000100
0000000001
0000000000
0000000010
0000001110
0000000000
0000100011
1110100000
0100001000
1000000000
0000000000
1000000000
0000010100
1001000001
0000000000
1010000011
0000000000
0100000010
0000000000
1101001000
0000000000
0100100001
1010000000
0000000010
1000000010
0100010001
0000000000
1000000001
1000000100
0111010000
0101010000
0000010110
0010001010
1000101100
0010100010
0001100010
0000000000
0001110000
1000000011
0010100000
0001000001
0001000010
0000000000
0000000000
0100000001
0100001110
0100010100
0000000000
0000000000
0100000110
1100010001
1100000100
1100010000
0000000001
0010001000

