150
10
2
0000010001
0000100011
0000001000
0000000000
0000000000
0100101001
0000110100
0000011000
0000000000
0001010100
0000000000
0000000000
0101110000
0000100010
0100100000
0000000000
0010000100
0000000000
0000000000
0000000000
0000100010
0000000000
0001000000
0100010010
0000010000
0000000000
1001000010
0000011001
0101000000
0000001000
0000101010
0010010000
0010010000
0110001000
0000110110
0100001000
0000010000
1100001001
0000100000
0100001010
1010101000
0010000100
0000000001
1010000001
1001000101
0000010000
0110100100
0000000000
0000000010
1101001000
0101101000
0000000000
0000010000
0000000000
0010001001
0000000100
0000000000
0010001010
0001011000
1000100000
0100000110
0000100000
1001000001
1001000001
0101100000
0000000000
1000011001
0000000010
0010000000
0001001100
0000000000
0000000100
0100000011
0101000000
0000000001
0000010000
1000001001
1000011001
0100000000
0000000000
0100000101
1001000010
0000000000
0100010000
0001010010
0000101000
0010000001
0000000000
0001010101
1000010001
0000100000
1010000001
0100000011
0010101010
0111000001
0100010110
0000000000
0001110000
1001000000
0010000010
0000010000
0000000000
0001000100
1000110100
0100100000
1011000000
0000000000
0010000100
0100000000
0001100000
0010001000
0000010000
0000011010
0000100101
0100000000
0001100100
0000000000
0000001000
1110001000
0000000000
1000000000
1010000000
0000011010
0000000000
0000000000
1100000000
0000000000
1100010000
0010000010
0100100110
0001010000
1000000000
0011001001
1010000001
0000000000
0000000000
0000011010
0000000001
0100000000
0000111100
0110000001
0000000000
0000000001
0000001000
0010000100
0000000001
0000000000
0000000000
0011000000
1000010100

