150
10
2
0000000000
0000000000
0000000000
0000000000
0000100010
0000000010
0000000001
0000010000
0000000000
1000001001
0001000001
0101000001
1010100000
0000000000
0000000000
0000000100
1000000001
0000000000
0000000100
1000000001
0100000010
0000100001
0000000000
0000000000
0000000000
1001001001
0010000000
0000011101
0000100000
0100000100
0001101001
0010000000
0001000000
0000000000
0000000000
1110000000
0000000010
0011010000
0100010010
0000000000
1000001001
0000000000
0110000000
0100001010
0000000000
0010010100
0000000000
0010000000
0000000000
1000000000
1001000000
0100000000
0000000011
0100001010
0000010001
0000000000
0000010101
0000000000
0001001010
0001011001
0010100000
0110100000
0000010110
0000000000
0000011101
0000000000
0010110000
0000000000
1000110100
0000000000
0000100000
0000000010
0001000001
0000000000
0000000110
1100100001
0000000000
0000001000
0010100100
0001101000
0000101100
0110000010
1100010000
0100101000
0100000000
0010110000
0000000000
0000111000
0000100000
0000000000
0001000000
1100110000
1001000000
0100000110
0111000000
0000000000
0000010101
0100000010
0000010001
0000011001
0000010000
0001011000
0100000000
0000000001
0000000000
0000001101
0000010101
0000000011
0000000000
0110100000
0000001100
0000000000
0000000010
0000000100
0010000000
0001100100
0100000000
0000000000
0000001000
0000011101
0010000110
0001110000
1010100010
0000000000
0001000000
1010010001
0000000000
0011000001
0101001000
0000100000
0001011010
0000000000
0000000000
0000000000
0000000000
0000000001
0100001010
0000010000
0010000000
0010100000
0001010100
0000000000
0000000000
0110000000
0000000000
0100010010
0010001000
0010010000
0000010101
0000000000

