150
10
2
0111010000
0000000000
0000000000
0001000000
1000000000
0010101010
1100000000
0100000000
1000000000
0000000000
0000001010
0100100000
0000000010
0000000000
0011000001
0000000000
1000001011
0000010101
1000100000
0110000000
0000000001
0010000000
1101001000
1100010000
0110000010
0000100001
0010000001
1100001000
0000010001
0110000000
0000101010
0000000000
0000001100
0010101010
0000000000
1000000000
0000000000
0000000000
1001000000
0101000001
0000000000
0100011000
0000000001
0000000000
0100000001
0000011100
0000000000
0000110000
1000001000
1010101000
0000000001
0000000111
1011001000
0000000000
0010001000
1100010100
0000000000
0100000001
0000000000
0000000000
0000000010
0000000010
0110011000
0001000000
0000000001
1000000000
0001000100
0001000010
0000000100
0000000000
0000000000
0000011001
1000100000
0100000010
0110000001
0100011100
0110001000
0100000000
0011100000
0001010001
0010100000
0000000001
0000000000
0000010000
0100011001
1000000001
1010010000
0000100010
0001000100
0001100001
0000000010
0000000101
0000000100
0000000000
0000000000
0100011100
0010000000
0000000000
0001000010
0000000010
0000100000
0110100100
0000000000
0001000000
0010000000
0000011000
1000000000
0001000000
0100010010
0000000000
1000000101
0100000010
0000000000
1000000000
0001000001
0000001000
1010001001
0010000100
1000101001
0000100100
0000010100
1000000010
0100110000
0000001010
0000110000
0000001010
0000100100
0000000000
0010100000
0000000000
1100000110
0000001000
0000000100
1001000001
0000101101
0010000000
0001000000
0000000000
1000000000
0000001000
1000000000
0010010001
0010100000
0010110000
0000010001
0000100100
0010101001
0000000000
0000100111
1001000010

