150
10
2
0000000010
1000100011
1000001100
0000000000
0000000110
0000110000
1000111000
0100010011
0110011000
0000100100
1000010011
0100000000
0000000000
1000000000
0001100100
0000000000
0010000110
1000000001
1010000110
0000000000
0000000000
0000000000
0100001000
1000000000
1000100000
0000000000
0000000000
0001110000
0100001000
0100000000
0110000001
1010000011
0001000100
0010010000
1010000110
0000000001
0000000000
0000100000
0110001001
0010100101
0000001000
1010010000
1110010000
0111001000
0010010010
0100000000
0001010000
0000000000
1001000000
0011000000
0000000000
0100011001
0000000000
0000000000
0000100000
0001001010
1000010001
0010000000
0001000011
0000000000
0010001010
0100010000
0110001100
0000010000
0010100100
0000000010
0000011010
0000010100
0000000000
0100001000
0010010010
0000100000
1110010000
0000000000
0000100000
1000000000
0000000110
0001110100
0000000000
1000000000
0100000110
1000010110
0010110010
1010000010
0000000000
0010000000
0010000000
0000000000
0000000000
1001000011
1000001001
0000000000
0000010001
0010001010
0000000000
0000001000
0000000100
0001001000
0110001010
0000000000
0000000000
0111000100
1000010001
0100000000
0000000010
0001000000
0100000000
0000001000
0000000000
0100100000
1000000010
0000010100
0111001000
1100000000
0000000100
0000000001
0000000000
0010000011
0000001000
0000000001
0100000000
0011000110
0100100000
1000000000
0011000100
0010010000
0000100000
0000000000
1000000000
0000010000
0010100101
1000111000
0000000000
0000000000
0011001010
0000000000
0110000000
0000000000
0011000000
1000010001
0000000101
0000000000
0001010101
1010000100
0000000000
0100000001
0100101000
0000001000
0000000000
0000000000

