150
10
2
0000000000
0000000000
0000000011
0000000000
0000000101
1100100000
1000001001
0000000000
0000100000
0100000001
0000000010
0000000000
0000000000
0010000100
0000010111
0000000010
0000000000
0100001000
0000000000
0100100010
0000000000
0001110001
0000000000
0000100000
0000000000
0100010000
0011000000
1010000100
1000001001
0000000000
1100000000
0000001001
1011000000
0000110000
0000000000
0001101000
1000000001
0000000000
0000101011
1000000111
0001000000
1000000001
0000111000
0000010000
0000000101
1010010010
1000000000
0000000000
0110101000
0110000110
0000001000
0100011000
0000000000
1000000000
0100000000
0000001010
0010001000
0001100000
0000000010
0100100010
0000011101
0000000001
0000000000
0000100000
0100000000
0010000000
0000000000
0000000000
0000000001
0001110010
0001000100
0011000000
0100110001
0000000000
0100110000
0000000000
0000000000
0010101010
1100100000
0100000000
0000000100
0001110010
0000100101
0000000000
0001010101
0011000011
0001010000
1100000001
0000000000
0000100000
0000000000
0000000000
0000000000
0100000010
0110100010
0101000000
0000000000
0000101011
0010000101
0000111100
1000001110
0010000001
0000000000
0111001000
1000000000
0100010000
0000000000
0000110000
0010001010
0000000010
0011010000
0000000000
0100001000
0000000001
0100100100
0000110101
0100000011
0100010000
0000000010
0000100000
0000000000
0100000000
1000111000
0010000000
0001001100
0000000000
0000000110
1000000000
0000010000
0000000010
0000000000
0000000000
0110101000
0000000000
0100000011
0000000000
0000101011
0001001011
0000110001
0000000000
0000110110
0000100000
0000000000
0000011100
0000001001
0000000000
0000000000
0000011000
1100101000
0000000000

