150
10
2
0000000000
0100000000
0001100000
0010110100
0001001010
0000000000
0000000000
0000000000
0000100100
0100101000
0000000000
0000100010
0100000010
0000000001
0000100000
0101100010
0110100100
0001000000
0000001010
0000000100
1100000000
0000000001
0010001110
0000000100
1000100000
0000000000
0001110001
0000000000
0111000001
0001110000
0000000000
0000000110
0000001100
0000000000
0000000000
0000000000
0000010000
0010000000
0000111010
0001000000
0001000000
0000001010
0000000000
0010100000
0000100100
0000100000
0001001010
0100000000
0000010000
1010000000
0010100001
1010000011
1100100000
0001001001
0000000010
0010000000
0000000000
0000000000
0100110001
0000010110
0000100000
0000000000
0111001000
0000000000
0110000000
1000100001
0010100010
0000000010
0000000000
0001100100
1000000110
0000000000
1010000110
0100011000
1000000010
0011000000
0100100011
0000000000
1000001000
0000000100
0000000100
0000110000
0000010011
0000000000
0000000000
0010000000
1001000001
0110010000
0000000000
0110001100
0000001000
1000000100
0000000000
0000000000
0100000000
0000101100
0000001000
0100100101
0000011000
1010010000
0000001001
0001010010
0010100010
0100010000
0001000010
0010000000
0100000000
0000000000
0000000000
0001000010
0000000000
0000100001
0000011001
0100000000
0000000010
1101000001
0000000000
0000001001
0100100100
0000000000
0001000001
1010001001
0000000000
1000010100
1000100010
0010000000
1101000000
0000000000
0000001000
0100001011
1010010001
0011000000
0000000010
1010100100
0000000000
0010000010
0000000000
1110000000
0100110100
0001010000
0100010001
0100010001
0001000000
0000000000
0000000000
0100100010
0011010010
1010000000
0001010000
1000000000

