150
10
2
0000000000
0000010000
0000000000
0000010110
0000100000
0000110100
0110000000
1010001000
0000001100
0001000000
1001000000
0100000000
0100011000
0001010000
0011000010
1001000101
0000000000
0000000001
1000000000
0000001000
0001000010
0010010000
0000000000
0000000000
0001000001
0101000000
0010100100
0000000000
0000010000
0010000000
0000000000
0000000000
0000110000
1000000000
0010000000
0000000000
0000000000
0000000000
0000010000
1010010000
0000000000
1010100100
1000010000
0000000010
0000010000
1100100000
0100000010
0100000000
0100100001
0000000000
0000000000
1010010000
0000000000
0000000000
0000110101
1000000000
0010010011
0000011000
1000010000
1000001000
0000001110
0010010101
0011000000
0000000000
0000000000
0000000000
0000000100
0010000010
0000010110
0100010100
0010001010
1001100100
0001111000
1001000101
0010000000
0100010100
0000000000
1100011000
0000000000
0000000000
0000010000
0000000001
0000010010
1000100010
0000000000
0100000001
0000000001
0010000000
0101000000
0000000100
0010001000
0000000000
0000110000
0000010000
0000000000
0000100001
0000000000
0010101010
0000010000
1010000000
1001100100
1001100100
1010100000
0010010001
0000000010
0010000111
0010110100
0000110001
0000000000
0000000000
0100100010
0100001000
0000000001
0100000000
0000000100
1010000100
0000000000
0000000100
1000000000
0001010000
0000000100
0000010000
0000000000
0000000000
1000110100
0000000000
0000000000
0000000010
0001000010
0000001010
0101000101
1000000001
0000000000
0000000011
0000000000
0000001100
0010100011
0110100001
1001001010
0101000010
0000000001
0000001000
1101001000
1001000000
0000000000
0001000010
1000000000
0001010010
0000000000
0000000100

