150
10
2
0110000101
1010000000
0000000000
0000001000
0000011000
0000000000
0000000000
0000100000
0011000110
0100000001
0100100110
0001010000
0000010000
0000100000
0000010000
1000001101
0010000000
0001000001
0000000000
0000010110
0110000010
0000010000
0000100011
0000000000
0010010000
0000000000
0000000000
0000000101
0000001000
1000010000
0110000100
0010000000
0000000000
0000000100
0110000010
1001110000
0000000000
0000000000
0000000000
0010000001
0100010000
0010001001
1010001000
0000000000
0000000000
0011000000
1000000011
0000000000
0011100100
0000000000
0000000000
0000000000
0000110010
0010100000
0000010100
0000000000
0000101010
0000011011
0100001011
1011100000
0000010010
0100000101
0000000000
0100010000
0011010000
0000101110
0110000001
0111000000
1010000000
0100010001
0101000000
0000000000
0000000000
1000000001
0100010100
1011000000
0000000000
0010000000
0000010010
0000000000
0000000000
0010000000
0010001101
0000000000
1000010000
0001000100
0100010000
1110000010
0111001000
0101000100
0001010100
0111000100
0010000000
0100101000
0010100000
0000000000
0000000101
0000001000
0000001000
0000001001
0000000000
0000000001
0000000000
0000000000
0000000000
1000000011
0000100010
0010100000
1000000000
0110001100
1001100000
0000010110
0000000000
0000000100
0000000001
0010000000
0000000001
0010110010
0000000000
0001000100
0000000000
0000010000
0001000011
1010000100
0000000100
0000100111
0001011000
0000011001
0000000000
0100100000
0000001111
1000100100
0110000100
1100000010
1100000000
0100110001
0110110000
0000001001
0000000100
0001000011
0110000010
0000000000
1000101000
1001000000
0100110000
0110000001
0000001010
0100010101
0000000001
0000100000

