100
10
2
0011010010
0100100010
0000000000
0100010000
0010001011
0001001100
0000000000
0000000011
1001001100
1000000100
0010000001
0011000100
1001000001
0100000100
1100011000
1010010010
0000000000
0000000000
0000000100
0001000000
0001110000
0101000000
0001001100
0000000000
0000000000
0000000000
0000001000
1100000000
0000001000
0000000100
0000110101
0000000000
0100100001
0001000001
0000000000
0000000000
0000000000
0000100000
0100000000
0101000101
0100001011
0100010000
0001010010
0000000000
1000010000
0000100100
0001000100
0010000100
1010000000
0000001001
0100100101
0010110000
0000000001
0010000101
0000000000
0000000000
0000000000
0101000101
0010100000
1000100000
0000000000
0011000001
0000000000
0010000000
0010000000
0000000000
0000000000
0000000000
1001100000
0001000000
0000000000
0000001000
0000000000
0000000101
0001010000
1000100000
1000010100
1000001001
1010001100
0001100000
0100000000
1000000000
0000000000
0000001000
0100010100
0100000000
0010000001
1010000001
0000100000
0000000000
1000000100
0100100010
0000000000
0010100100
0000000000
0100000010
0000000110
0000000000
1100000110
0000000000

