100
10
2
0000000110
0000000000
0100001001
0010100100
1000000000
0000000101
0000000000
0000000000
1000011100
0000000000
0001000000
0001101000
0000000000
0000000001
0000000000
0010000000
1000101001
0011000000
0000100000
1000000000
0100001101
1000010100
0000000000
0000000000
0000000000
0010110000
0000000000
0000000000
0010111000
0100000000
1001000000
0001000001
0100000101
0000000000
0000000000
0100000000
0000111100
0011001001
0001000101
1001000010
0000000000
1000100000
1000000010
0000000010
0000000000
0010011000
0000000000
0011100000
0000010010
0000000000
0000100000
0101000011
0000001000
0000000000
0010010110
0000000000
1000000100
0000000000
0000000000
1000001000
0000100000
0001001110
0100100000
0001100000
1101000010
0110000000
0001100001
0000100010
0000010000
0001100000
0000100100
0000000010
0100001100
0100000100
1010000000
0000000000
0010000110
0000000000
0110010001
1000001001
1100000100
0000000000
1001000001
1000100000
0000001000
0000000000
1000010010
0001000011
0000000000
0000000000
1000001001
0010000010
0000100000
0000000000
0010001000
0000000000
0000100000
0010000001
0101000010
0100100000

