100
10
2
1000000001
0010000000
0010000001
0000000010
0000000000
0000000100
0100010000
0100000001
1010100100
0000000000
0100110000
1000001010
0000000000
0100001010
0001000000
0011100000
0001000110
0000010010
0000101000
0000000000
0100100010
1001000000
0000100000
1110001000
0001010011
1010000011
1000001010
0000000000
0100000000
0000000000
0000010100
0100110000
0100000000
1010100000
0000000000
0100010000
0010000100
0000000000
1001000000
0010000000
0000000111
0010101000
0100010001
0000000010
1000001000
0000001110
1000110001
0000000000
0100110010
0000000000
0000011001
0000010000
0000001000
0000000000
0000000000
0000000000
0111010000
0000000000
0001001000
0000000001
1100110000
0011000100
1000011010
0100110100
0000000000
0000000100
0001000100
0000001010
0000000000
1000000000
0111010000
0000000000
0000000000
1000000000
0000101100
0000100000
0001100100
0000001000
0000110001
0000000000
0001100100
0000000000
0101010000
1110100000
0100000010
0001000001
0101000100
0011000101
0100010000
1010001100
1000100010
1000010000
0010000000
0001101000
0111000000
0001000011
0000000000
0001000001
0001000010
0000000000

