100
10
2
1000011000
0100000000
0000000000
0000000000
0000001000
1000000000
0101000101
0110000110
0010000010
1000000000
0100000000
0001000000
0000100010
0010010000
0001010010
0000000000
0000101101
0110000010
1000001101
0100000000
0000000000
0110000000
0100000000
0001001010
0000000000
0011001001
0010100000
0000100000
0001000001
0000000000
1000000000
0100010010
1001110000
0101100001
0000000000
0110010001
0100000101
1000000000
0000001000
0000001101
1100000010
0000001000
1100100000
0000000010
1000100000
1010100001
0000001011
0000000000
0010010001
0000011001
0000001000
1100001000
0101001000
1000001110
1000100000
0001000001
0100000010
1000000100
0010000001
0000000000
0000010010
0110001010
1010001010
0000000000
0100100000
1010001100
0000000000
0000000001
0000100100
0000100010
0000000100
0000110000
1000100011
0000000011
0000000000
0000000000
1000111000
0001000000
0000000110
0000000000
0011000010
0000000000
0000010000
0001000000
0100001000
0001001011
0001010010
0000000000
0001000100
0100000000
0000000000
0100001100
0000010000
0000000010
0100000000
1000000010
0000000000
0001000001
0000000000
0000000000

