100
10
2
0001000011
0100001100
0000000000
1001000001
0000000000
0000100000
1000001010
0000001010
0010000001
0000000000
0001001000
1001000100
0100101000
0000000000
0010010110
0000110101
0000000000
0000000000
0100110000
0010000000
0001000000
0000000000
0000000000
0110000001
1000000010
0000000100
0011000000
0001101010
0010100001
0110001010
0100000000
0000000111
0000000000
0000000110
1001010000
0000001001
0100000001
0001000000
0010000010
0000000000
0000000000
0100000110
0000000000
1000000000
0001011001
0001100001
0001001001
0010101000
0011000000
0000000000
0101000100
0100010101
1000001100
0000010000
0000101010
0010000000
0010110010
0000001001
0000010000
0000000100
1000001000
0011001000
0000000000
0000000000
1000000011
0101000001
0000000000
0000001011
0001001100
1000000000
1000000000
0000000000
1010000001
0010101010
0000000011
1010011000
0010001100
0000001000
1010000001
0000000000
0000001000
0000000000
0100000000
0000000000
0000000001
1001000011
0000000000
0000010000
0000000001
0000000000
0000000000
0100011010
1000000000
0000001000
0110001001
0000000000
0000001000
0000000000
1000100010
0100010010

