100
10
2
0000000000
0000000000
0000000000
0100001110
0000010100
0001000110
1011000000
0001101000
0000000000
1000101000
0100001011
0000000000
0100000000
0010000000
0000010100
0100100000
0000011000
0000000000
0101000010
0000000010
0010101010
0011100000
0010000001
0000000100
0001110000
0001010010
0000000000
0010000000
0000000000
1000000010
0100001000
0001000000
1000000000
0101101000
0000000000
0000100010
0000100100
0100000000
1100000011
0100000000
0010010000
0000000000
0010100000
0000000110
0110000001
0000000010
1000110010
0000000101
1010100000
0100110000
0000000000
0000000000
0000000100
1000100011
0000000000
0000100000
1000000000
0000110010
0010100010
0010000001
1000000000
0101100001
1000000001
0000000000
0000001010
0100000010
1000000000
0100000000
0000000000
0000010100
0000000000
0000001000
0000000000
0000000000
1101000100
0000000000
0111000000
0000000000
1010101000
1000000010
0000100000
0000000000
0100100100
0000000000
0000001000
1000000000
0001001000
1000000000
0000000010
0000100011
0000000010
0000011000
0000100101
1001000000
1010000000
0000100010
0000001111
1100010000
0001100000
0000000000

