100
10
2
0000000000
0100000100
0001001000
0110000010
0000000100
0000000000
0001100000
0110101000
0001000100
0000000000
0000010000
1011100000
0111000000
1001000000
0000000000
0000000000
0000011000
0010000010
0100010010
1000000001
1100011000
0110000100
0000101010
0010000001
0000000000
0000000000
0000000000
0100000001
0010000010
0000000000
0010001000
0000000000
0000000000
0000100110
0000000000
1001000000
0001010000
0010100000
0000000100
0010001100
0100100010
0000100100
0000101011
1000010100
0100000000
0100100010
0001000000
0010010000
0010001100
1100010000
0110010001
0000000010
0100010110
1010000000
0000100000
0000100000
0011000000
0000001000
1000000010
0000000000
0101100000
0110100001
0100101001
1010000100
0010011000
1110000000
0000000000
1100000001
0000000000
0011100000
0011000001
0100001010
0100000001
0000000000
0000100011
0000000000
0000100001
0000010101
1110000100
0010001010
0000000000
0000110010
0100000000
0100010110
0000000000
1000001001
0000000000
0000010010
0010000010
0001000000
0100000000
0110000001
0000000011
0000000010
0010100010
1110000100
0000000000
0101000010
0010001001
0000000100

