100
10
2
0100101000
0000010000
0001010100
0000010000
0000000000
1000000010
1000000010
0000010110
0000100000
1000000101
0001000010
0001001000
0000100001
1110000010
0000000100
0011000000
0001000000
0001000000
0100010100
1000000001
0000010111
0000000000
0110000000
0000001100
0101100000
0010010000
1010000100
0000110010
0000000111
0000000010
0110000000
0000001010
0000000000
0110100000
1100000000
0000000000
1000010100
0000000000
0011100000
0100000010
1000000000
0000000100
0000000000
1100000000
0010000000
0000000000
0000000000
0000000010
0000000000
1000100010
0010100000
0000011000
0000000000
0000000000
1000000000
0000000000
0000000000
1000000111
0000000111
0100000111
0010000000
0000000000
0001010100
1000000010
0010000000
0101010100
0001010101
0000000000
0000000001
0001000001
0000100000
0000010001
0110000001
0100100000
0000101000
0000000000
0000000000
0010100000
1000000000
0100000010
0001010001
0000000000
0000010100
0100010010
0000000000
0000010000
0101100100
0010000000
0011001000
0000000000
0001110000
1110100000
1001010000
0000000000
0110100000
1101000000
1010001000
0000000000
0010000000
0010100011

