100
10
2
0000100000
0001001001
0010110000
1000001001
1000000100
0001010000
0000000010
0000010000
1000101000
0000000001
1000100000
0000001010
0010001000
0000000010
0001001011
0000100101
0100110010
0000001000
1001000000
0001000000
0000010000
0000000011
1110000000
0100000010
0000000000
0000001000
0010000001
0000000001
0010000000
0010101000
0000000001
0000000000
1001100000
0000000000
0000000000
0000000100
0010000000
0000000000
0101010100
0100000000
0000000000
1011000010
0000000110
0000101000
0000000000
0010001000
0000000000
0000000000
0000000000
1100100100
0000000000
0000000000
0000001000
0101100010
1000001010
0000001010
0000000101
0000000000
0110000000
0000000001
1010000000
0100000000
0000010000
1001001010
0000000000
0110000000
0000101100
0011000000
0000000000
0000001110
0000000000
0000000000
0011000011
1100001100
0001010110
0001001101
0110000100
0000000000
0010010101
0010000000
1010000000
1001000010
0000010001
0000010100
1000000000
0000000000
0000000000
0001011000
0000000100
0110100000
1011000000
0100110000
0010000101
0000001000
1100010000
0000000000
0000000100
0100001110
1000000010
0001110000

