100
10
2
1000100001
0110000000
0000000101
0111010000
0010000100
0000001010
0000000000
0000000010
0010001010
0011100100
1000000100
0000100010
0000000000
0010100000
1000000000
0001001000
0100011010
1000100000
0100000000
1011000000
0000000000
0000010000
0000000000
0001000000
0000000000
0001000111
0010010000
0001101010
0000011100
1000010000
0011000000
1100000001
0000000000
0000000000
0000000011
1100000001
0100001000
1100000000
0011001000
0100011000
0000000100
1001000011
1100010000
0001001000
0000000000
0000100010
0000000000
0000000010
0001000000
1001100100
0000000000
0010000000
0000000000
1000100100
0010100010
0001001100
0101000000
0001010000
0001000010
0000000000
0110010000
0000000000
0011010001
0000000001
1001100100
1001000010
0000001000
1000000000
1000001101
0000010000
1000101100
0001100001
0110100001
0000001000
0000000000
0010000000
0000000000
1001100000
0001100000
0001000000
0000000100
0000000000
0000010000
1010001001
0100010000
0001000011
1100000000
1000000101
0000100000
0000000000
1000000000
0001100010
0001010000
0000000110
0001100011
0000000000
1000000100
0000000100
0000000000
0100000010

