200
10
2
0001000110
0000000000
0100000000
0001010001
0100000000
0000000000
1000000000
1001011000
0010000000
0010100001
0010100011
0000000100
0001000000
0000101000
0010000010
0010000100
0010000000
0010000000
0100000000
0001111000
0000000000
0011000000
1000001010
0000000011
0000000000
0100101000
0000001000
0000000000
0000000000
0000000000
0000010010
1000101001
0000000000
1000000000
0000000100
0111000000
0101001001
0000000000
0100100001
0100100000
1000000110
0101000000
0000001000
0110100001
0101000100
1001101000
0100001000
0100011000
0000000000
1010010001
0000000000
0010001000
0000000000
0000000000
0000000000
0010010010
0001000000
0001001001
0110000001
1101000010
1101000001
1000011000
0010000000
0011100000
0000000000
0001010010
1101000000
0000000000
0001000000
0011000000
0000000000
1000000010
0001010100
1000000000
1000100100
0000000000
0000000110
1000001000
0010000101
0000101101
0000000000
0000101010
0110000100
1000000000
0001000100
0000000000
0001000010
0000000000
0101000001
0000110001
0001000000
0010000010
0100000110
0000000000
0001010000
0000000111
0000100000
0010100000
0000000000
0000000010
0110000000
0000000000
1001000000
0010010100
0000000000
1000100110
0000011100
0000000111
0000000000
1000100100
0000000000
0000000001
1000000000
0001000000
1000101000
0110000000
0000000000
0000000100
0010000000
0001000111
0100100000
0000000000
0000000000
0000000000
1011100000
0010011010
0100000100
1001000000
0000000000
0000000000
0001000000
0110011000
1010100010
1000000000
0001010001
0000000000
0010100010
0000000001
0000000000
0000001000
1000000001
0110000011
0000000000
0000000100
0011000100
0100000011
0001010001
0000000000
0010101001
0000001000
0000101110
0000100001
0010000001
0000000000
0100000000
0010001001
0000000000
0111001000
1101000000
0000011000
0101000010
0000100000
0111000010
0000000000
0000000000
0000000000
0000000100
0100000000
0000000000
0000010000
1000100000
0000000000
0000000000
0010000001
0011100100
0001100110
0110000100
0000000000
0000000000
1000000110
0000000100
0000000000
0000100000
0000010000
1001000000
0000000000
0001010001
0000000000
0000000000
0100001000
0000010000
0000000000
0100010101
1010101000
1001001010
0000000000
0010000000
0101000000
0000100100
0000100011

