200
10
2
0011000110
0000100000
0001000000
0000110100
0010000001
0000000000
0000000000
0000000000
0000001010
0000100000
1100010000
0001000000
0000000000
0100000100
0001000010
0000001110
0000100111
0010100100
0100101100
0010000010
0000110010
0000000000
0010000101
0100000110
0000010000
0010101000
0000000011
1100100100
1000000000
0000000000
0000000000
0001010000
1110000000
0000101011
0010000100
0100100000
0100000000
1000000100
0000100001
0000000000
0100011000
0000001000
0001100011
1000001010
0100000000
0000000101
0000110100
1000001000
0100000001
0000000000
1000000000
0000000000
0100010010
0000000000
0000100000
0001000001
0000100000
0001000010
0000000000
0100001001
0000110000
0000000000
0000000000
0000001000
0000000000
0000000000
0000011100
0001000010
0000000000
1000001000
0001000101
1000000100
0101000010
0000001010
0000000000
0000001000
1000011000
0000000000
0000001010
0000000000
1010001000
1000101010
1010000010
0000000000
0001001000
0000000000
0000000000
0101001000
0000000000
0100011001
0000000000
0100000100
0100110100
0000000000
0000000101
0000011110
1001010010
0010100001
0000010000
1101000000
1010000100
0010100010
0000100010
0000000000
0000000010
0100000100
0010100100
0100000001
0010101000
0011000000
0010101001
0000000000
0000000000
0000000000
0000000000
0011000100
0011011000
0000100001
0000000000
0000000000
0001001100
0011100010
0000000000
0000001100
0000111100
0000000000
0111000000
0011100010
1001001100
0010000000
0000000001
0100010101
0000000000
0000010010
1000000010
0110000000
0000000000
1010000101
0000000000
1100010000
0100000000
0000000000
1000000001
1000001000
1010000100
0110011000
0000010000
0001000000
0000000000
0001000001
0000010000
0001001000
0000000010
0110010000
0000000000
0000010000
1001010000
0010101010
0000100001
1110001000
0100101010
0001011001
0000011000
0000000001
0000000000
0000001001
1000000010
0000100001
0000000000
1000000000
0001000100
0000011001
0000000010
1001000000
0010001001
0000000000
0000000000
0010000000
1010000010
0000000000
0010000001
0000000100
1001001000
0000000000
0001000000
0000000001
0000000000
0010110000
0100100000
0100100000
0000100000
1010010010
1101000000
0000000000
0000100100
0010001001
0100000100
0100010001
0000101000
0101001000

