200
10
2
0001000000
0010110100
0001001000
0000000000
1000010000
0001000001
0000001100
0001000000
1000100011
0000101010
0000000000
0000000000
1100100000
0100100000
0000010000
0000100110
0001000000
0000001001
0000001000
0000110100
1101001000
0000000000
0000000001
0010001000
0000000010
0000000000
0001000000
1011000000
0000000001
0000101000
0000000000
1001000101
1001000000
0000101110
1011000010
0000110000
1000100000
0101000100
0000000000
0010010101
0000000010
0010100010
1000000100
0000010000
0100000000
1000000000
0000000000
0100001000
0001001010
0000000000
0000001110
0000000000
0001000100
1000000001
1100100000
0011001000
1100001010
0010001000
0010100001
0010100110
0010010011
0000000010
0000001000
1100001100
0010010000
0001010010
0000000000
0000000000
0010010000
0100000001
1011000100
0001101100
1000100000
0001000000
0000010000
0000100000
0010001000
0000001000
0100000000
0000000000
0000001010
0000000010
0000000000
0100000101
0010001110
1000000100
1000000100
0100000100
1100010000
0000011010
0000000000
0000000000
1001100000
0000001100
0011001010
0000101110
0000011101
0010000000
1000011000
0000000010
0000010000
0000000000
0001000000
0101001000
0000001000
0000000000
0001010001
0100000011
0000000000
0100010000
0000000010
0000001000
0000000000
0011010000
0001000000
0100100000
1000010100
0000100001
0001000010
1100001000
0011000100
0000000000
0010010100
1100000000
1100000000
0000000000
0100000000
0000000000
1001001000
0000011000
0110000101
0100010100
0000000000
0110000001
0000000000
0010000000
1010110000
0010000011
0000000000
1000000010
0000001000
0000000000
0010000000
0010100001
0010100010
0000000001
0000100000
1010000100
1000010000
1100000000
1000000001
0101010001
0001000001
1010010000
0000000000
0000000000
0100000101
0000001000
0011001010
0001000001
0100010101
0001000010
1001000110
0010100000
0000010010
1100001100
0000000000
0000000000
0001010000
0100010000
1100100000
0000000000
1000000000
1000110001
0000000000
0000000000
0000000000
0000000000
1000000000
0001000000
0000000010
0011001000
0000001101
0000000000
1000010000
0000000000
0000001000
0000000011
0000000100
0000010000
0000000000
0000000000
0000000000
0000000000
0011000100
0100101100
0000011000
1000000000
0000000000
1100000001

