200
10
2
1001100000
0100001000
0000000000
1100000000
1100100000
0010011010
0001000110
0000001011
0000000011
0010100000
1000000010
0000100001
0000000110
1001010001
1000010100
0110001001
0011001000
0001000000
0100001010
0000000000
0000000111
0001001001
0100000011
0110100010
0100001000
0000010000
0000000100
0001000010
0000001100
0000000000
0010000011
0000000001
0001010010
0000010000
0110000000
0011000010
0000000010
0000000000
1100001000
0010000001
0100010001
1001000000
0000000000
0001000100
0000110100
1010101000
0000000010
1000000000
0010000100
0000001101
0000110001
0000110010
0000001000
0000000000
0010000000
0000000000
0000000000
0001100001
0001001110
0000010100
0000010010
0000000011
0000000000
0001001100
0001000010
0000000000
0000010000
0010011010
1001000000
0000110000
0000100000
0000000100
0000000001
1100000000
0000000001
0001000000
0000000010
0010001010
0000000000
0010000001
1010000001
0000000000
1000000000
0100001000
0000010000
0000000000
0000111100
0010000100
1000000000
0000000110
0100000000
0000000100
0000000010
1101000000
0100101000
0000000010
0001100000
0000100000
0000000000
0000010001
0000100000
0000010000
0010000010
0100000000
1000100000
0000001100
1000000100
0001100001
0000000000
0000000000
1000001010
0000000010
1000011100
0001000010
1000010001
0010000000
0000000000
0000000000
1100000101
0001100001
0001000100
0000110100
0010000100
0010100000
0011000100
0000000100
0100000000
0000000000
0000000000
0000010111
0000100010
0100001010
0000100000
1000000001
0000000000
0001100001
0100011010
0001100010
0000000000
1000001000
0000000000
0000000000
1100000100
0000000000
0010000000
0000000000
0001010000
0000010011
0000000000
0000001000
1001001000
0000000000
1101000000
0000000010
0000000000
0000100101
0100010100
0101001001
0100000111
1001100010
1001001100
0000101000
0000100000
0000000000
1100001000
1000000000
1110000000
0010100100
0010000000
0010000110
0100000000
0000100110
0010010110
0100100010
0001010000
1010000010
0000010000
1100001000
0000101010
0010000100
0000000000
0001000000
0011000100
0000000000
0100000100
0000011000
1010010100
0000000010
0000000000
0000011000
0100100011
1000100001
1010001010
0100100000
0000010000
0100100000
0000101100
0001000000
1010000000
0110000000

