200
10
2
0010110010
0100010010
0000100100
0011010000
0100001100
1001000110
0000000000
0110100000
0000000001
0101001000
0000001100
0000000000
1000001000
0011011000
0000000000
0000000000
0100000010
0000001000
0100100001
0000100000
0000000010
0000001010
0000000000
0010001000
1000010100
0100001001
0001100001
0010000100
0000100001
1000100100
0001001100
0000000000
1010100001
0000100100
0000000000
1101001000
0000000000
0000100010
0000100100
0000010000
0000000000
0000111100
0100001110
0010001000
1010001000
0001000001
0100000000
0000000000
0001100001
0010111000
1000011000
0000000100
0000100000
0110100000
0000000010
0010001101
0000100000
1000000001
0110000010
1000011000
0000001000
0001011000
0010100001
0100000000
0100010010
0000000000
1000000110
0001000100
0001000000
1000000010
0000001000
0010000010
0001000100
1100000100
0001000000
0010000011
0100000000
0000000000
0000000000
0010001000
0101000000
0000000000
1010001010
0000000000
0000000001
0000010100
0000010010
0010100000
0100101000
0100000101
0000010000
0100000000
0000000100
0000000000
1000000000
0000000000
1001000000
0100000001
0000110001
0000001100
1100000110
0010000000
0010010000
0100000001
0000000000
1001000000
0101000000
0000011000
1010100000
0000000011
0010100010
0000001001
0101000101
1100000010
0001000000
0000010001
0000000000
0000000000
0000010000
1000100010
0111000001
0000001010
0000000001
1000000100
0000000000
0010000100
0000100000
0000100111
0000100001
1000100000
1000000000
0001010100
0000000001
0000000000
1001000000
0010100010
0000010000
0000100100
0000000000
0000000000
0110000000
1100010010
0100000000
1000000000
0000010100
0000000000
0000000101
0000001000
0000000100
0100010001
1000000100
1000000000
1000000000
0000010000
1100000100
0010001010
0000100000
0000000000
0000100001
0000000010
0001100100
0101100100
1001010100
0000100011
1011010000
0000100000
0000001000
0010001010
1000001100
0000000000
0000000000
0010000101
0011000100
0010000010
0000010110
0010100010
1100000100
1000100000
0000001100
0010001010
0000000001
0100001110
0110000110
0000000101
0000000000
0001000000
0001000000
0001000000
0010000000
0000000110
0001000100
0000000000
1001000110
1000001100
0000010000
0100110010
0100000010
0000000010
0000000000
0000001000

