200
10
2
0000101101
0001000000
0000000000
0011101000
0000000000
0000000000
0000000000
0000000000
0100000000
1010000000
0000000000
0100011000
0000100000
0000000100
0000000000
0000000001
0001000000
0000000000
0001000100
0010001000
0000101010
0100110001
0000000000
1000001110
0001000000
0011000110
0101000011
0100001100
0001000100
0110000001
0001011000
0011000001
0001101000
1001010000
0000000100
0001111000
0000000000
0000101010
1000010100
0000100000
1000000100
0000010100
0000001000
0000000000
0000100101
1000100000
0000001000
0000111010
0001000001
1010000100
0000010000
1000000000
0000001000
0100000010
0000000000
0000000000
0010110000
0000000000
0000000000
0000010000
0000000000
0000101010
0010001100
0010000010
0000000100
0001010000
0001010010
0100010101
0000000001
0000100000
0100100010
1000001000
0000000100
1001000001
1000000000
0100000110
0000011100
1110000000
0000011110
0010000000
0000101000
0101000000
1000000101
1010000100
0001000001
0000100101
0000000100
0000000001
0000000000
0000000000
0100100101
0000011100
0110001100
0100100000
1011000010
0000000010
0000100000
1000000001
0000110000
0101100001
0001000100
1000000000
1010000101
1000000000
0000000010
0000000000
0000000010
0000000000
0110010000
0100100000
0010000000
0000100000
1000101000
0100000000
0000110010
0010010000
0000000110
0000100000
0000000000
0100000010
0000001001
1000001000
0101000100
0100000000
1000010000
0001110000
0001000110
0010100000
0000000000
0001000000
0001001011
0001010010
0000000000
0100100000
1000000111
0010011000
0000111100
0000100000
0000000000
1000000000
0000011000
0101000000
0000000000
0001100000
0000000000
0000001000
1001000100
1001000000
1000010010
1010000000
0000001100
0010000000
0101001010
1001101000
0010000000
0010000001
0100011001
0000000100
0000001110
0000000000
0000000000
0000100011
1100101000
0000000010
1000100001
0001000110
0000000000
0000000000
0000000000
0000110011
1010001000
0000000010
0000000000
0000010001
0000000001
0000000100
0000000011
1001000000
1000000000
0010000000
1010100010
0000000000
0100000110
0001001000
0100000010
0101000110
0000000000
0000000000
0000000000
0000011101
0011000000
0110001000
0000000000
0001000000
1010001001
0101001001
0011010000
1000000000
0011000010
0001000011

