200
10
2
1000110000
0000101000
0000000000
0010000000
0000000001
0010000000
0000000000
1000000000
0000000000
0101100000
0000001001
0000000000
0000010000
0000001000
0010000100
0010000000
1000000010
1000000001
1100010100
0000001000
0000000000
0010000000
0100010000
0000100001
0010100001
0000001101
0000010000
0000010010
0010000100
0010000001
0010010001
0001000000
0000000000
0000001000
0101101000
0000010000
1000000000
1000000000
0000000001
1000000111
0001101100
0000000010
0000111000
0010000000
0000001000
0000101001
0000000000
0010000101
0000000000
0000010110
0001001000
0011001000
0100001110
0000001010
0000001100
0000100110
1010000101
0000000000
0000000000
0000101000
0000000000
1001001010
0000000000
0000000000
1100000001
1000000110
0011000100
0000000010
1010000000
0000000001
0000000000
0001000110
0100001000
0010011000
0100000000
1000001000
0010000000
0000000000
0000000000
0101000000
0000000000
0000000000
0100110000
0000000000
0110000010
0100000000
0000100010
0001101000
1001001000
1000000010
1000010001
1011000000
1001110000
0000110010
1000000110
0100000000
0000001011
1001000000
0010001000
0010000000
0000000000
0000000000
0100100010
0001100000
0101000001
1000100000
0100000001
1000010000
0000000000
0110000100
0010000000
0000000010
0000000000
0000000000
1000100001
0001010000
0000001000
0001100000
0110010000
0000000000
0000000000
0000000000
1100100000
0001100000
0000000000
0011000000
0010110001
0010100011
0001000100
0000000001
0000000000
1000001000
1000000100
0100000000
0000010000
0010010001
0011010001
0000000000
0000001000
0001110000
0000100011
0100110001
0000000000
1000110001
0011001000
0000100001
0101000000
0101000000
0000000000
0001000001
0000000000
0000000000
0010010000
0010110000
1000011001
0010100000
0000001101
0000001110
0010000001
0001000110
0111000000
1000010001
0000000000
1010000000
1100000010
1000001100
1100000001
0100011010
0000000000
0010110010
0000000000
1010011000
0000001010
0000000000
0010000000
0100010001
0100000000
0000000000
0000000000
0000001000
0000100100
1100000010
0000010000
0000011101
0010100010
0010000000
0000000000
0000001101
0010000000
1010000000
1001000000
0011010000
0100000000
0100001000
0000100000
0000000000
0010010000
0000000000
1100000010
0000000100

