200
10
2
0110000000
0000000000
0000010000
0000000000
0000000100
0000000000
0000010010
0000000000
0000000000
0000000000
0100110010
1000010010
0000001100
0000100000
0101000101
0000000000
0000100001
0000000001
0000000010
1100000001
0000100100
0000010000
0100001000
0001100001
0000000000
0100000000
0011110000
0000011000
1001000000
0000000010
0000000001
0000000000
1101000000
0011000010
1100000000
0001001000
0100000010
0010101001
0010000001
0001010010
0010010100
0001010011
1100100001
0000001000
0000000010
0000000000
0000001101
1100010000
0000000000
0000000100
0000100000
0011000000
1010101000
1000001000
0001001000
0100011010
0010100010
0110000110
0001000000
0011100010
0101000000
0010001001
0001011001
0001100101
0000001001
0010000011
0000000010
0000010000
0101100010
0000100100
0000101000
0010000011
0000000110
0000000000
0001000101
0100001010
1000000010
0000000000
0010000000
0000000010
1110000000
0010000000
0000000000
0011100000
1001000100
1000100110
0001101001
0100000010
0000000000
0110100010
1010010000
0000000000
0100100000
0100001000
0110010000
0000001000
0101100001
0010000011
0000000000
0110000001
0000000000
0000001000
0000000100
0000000000
0000000000
0000000000
0010000001
0001100010
0001001010
1000001000
1010101000
0001000110
0100000000
0010000010
0000010000
0000000001
0100011000
0100001000
1010001000
0000000000
0000000001
0000000000
0010000000
0000010000
0000000100
0000000000
1000101100
0000000010
0000000000
0000000000
0000000000
0000001001
1000010110
0000000000
1100000000
0100000000
0100010011
0000101011
0000100000
0100000000
1100001000
0001100100
1000000000
0000010000
0000001001
0000101001
0000010011
0000000000
1001100000
0001000001
0000100010
1001100000
0011001010
0001000101
0000000000
0100000000
1000000001
0001000010
0000000110
0100110010
0000000100
0000001010
0010000000
0010000010
1000000000
0100000000
1000000010
0000010010
0010000010
0010100000
0000100110
0010000000
0001000001
0100010000
0000000000
0010000010
0010010010
0000010000
0000000000
0000100000
0100001110
0100000000
0001000000
0100000010
0000000000
1001011000
0000010010
0000000100
0000000100
1001010001
0000000000
0100111000
0000000000
0110010010
0000100100
0000000110
0000000100
0000000100
0000010000
0010001000

