200
10
2
0000000001
0011000001
0011010001
1000100011
0000000000
0000000000
0001010100
1010000000
0000000000
0000001000
0001111000
1001000000
0000000000
0000000000
1010000011
0000000000
0000000000
0001000000
0000000000
0000000000
0000000000
0001100010
0000000000
0000000000
0010000101
0000001101
0000001000
0100000010
0101000000
0000000000
0000000000
0000000000
0000000000
0001100000
0001001000
0000000000
1000000000
0110000010
0100001001
0000000001
1001000000
0000000000
0000000000
0100000001
0100000000
0001100011
0000000000
1010001001
0100100100
1000000001
0001000000
1010000000
1000010010
0001000000
0000000000
0001000000
0000000100
0100001000
0000000000
0000010000
0000000010
1000000000
0000000001
0110100000
0000000000
0000000000
0000000000
0000100000
0000000000
0001000000
0000000001
0100000010
0000110000
0100000000
1000100101
1000100101
0000000010
0100011000
1011000000
1100100100
1000001001
0000000000
0000000100
0000000000
1000000000
0000000000
0000001000
0010001100
0000100000
1000010100
0000000001
0100000101
0000000110
1000010001
0000000000
0001000001
0000000100
0111100000
0000110010
0000000000
0000000000
0000000000
1000010000
0000000001
0000000100
0000100001
1001000010
1000000000
1000000000
0110000100
0000000100
0001000000
1010001000
0001000000
0000110100
1000101000
1001000101
0000000000
1000100010
0000001000
0000000000
0000000000
0000000000
0100000000
0001000001
1000000000
1001000010
0000000000
0001001011
0111010000
0000001000
0010011000
0000000110
0100001001
0100001000
0001000000
0000001000
0000100101
1000000000
1010000000
0000000000
0000010001
1000110000
1010010000
1000000000
1000000000
0010000000
0001010000
0000001000
0000000000
1000000000
1000000011
1000101000
0000000000
0000010000
0100010000
0101100000
0010011010
0000001000
0000000000
0010101000
0000000001
0000000000
0000101100
0100100010
0100000000
1000000000
0000000000
0000010000
0001000001
1000101000
0001000100
0011000000
1000000000
0000001010
0101100010
0000000000
0001100100
0001000011
0010000000
0000000000
0001011010
0000000010
0000100111
0000100011
1000000000
0100001000
0000000000
0000000000
0001101100
0001000100
0000100000
0001000010
0000101100
0100000000
0000000000
0011000100
0000100001
0000011000
0000000000

