200
10
2
0011100001
0000010000
0110100000
0000101000
1101000000
0110000000
0000000000
0001000000
0000000000
0000000000
0000000000
0101100000
0000011001
1010000101
0000000101
0000010110
0000000000
0010000111
0000000001
0000000000
0001000011
0000000010
0000001000
1001001001
0100110000
0000011001
0000111100
0001000000
1101000010
0101000000
1010010001
1100000000
0010100011
0000000001
0000000000
0100000100
0100000000
0001101010
1000010001
0100010100
0000001101
0000000010
0010001100
0000000000
0000000000
0011100010
0000100010
0000000100
0011000100
0000000010
0000000000
0000000000
1001000010
0000100000
0001001110
0100000011
0010000001
1001000010
1000010101
0000000110
0000000000
0011100000
0000001001
0100010000
0000000000
0000000000
0010010000
0001000001
0001000010
1000100010
0000000000
0010001010
0000000000
0000000000
0000000000
0000000000
0000000000
0000000000
0000010010
0010001010
0000000000
0000010001
0000000000
0000001010
0100010001
0000000010
0000001100
0000000000
0000100000
0010000000
0001000010
1100010000
0100000101
1010100010
0100010100
0000111010
1101000000
0000000000
0000000000
0011000001
1010000001
0000001001
0100000000
1100000100
0001000000
0000111010
0000000000
0101000001
1000000100
0000000000
0010000000
0000000000
0000100000
0001000000
0000000000
0000000001
0100010100
0000001100
0000001000
0001001000
0101010010
1001100000
0000000000
0000010000
0010000001
0010000000
0000000000
0000000000
0000000001
0100010000
0000111001
0000000000
0101001100
0000010100
0000000000
0001000011
0000010000
0110000110
0000010001
0000000000
0100000000
1000000011
1000000010
0000100100
0000000000
1000000101
1000010001
0000001101
0000000000
1100100010
0000010000
0010010100
1001000001
1001001010
0011110000
0000100001
0101000010
1001100000
0001000000
0100000000
0000000000
0000000000
0100010000
0000001010
0000000000
1000000100
0001000011
0000000100
1100000100
0000000010
0000000000
0000000000
0000000001
0111100000
1011100000
1100010010
0000011100
0111010000
0000010011
1100000010
0000010001
0000000000
0000000000
0100100101
0000000010
0000000000
0010101100
1000010000
0000000000
0000000010
0000010000
0110110000
0000000011
0000010110
0000011110
0000110100
1000000000
0000000000
0001100100
1001010001

